1 11416U 79057A   80003.44366214  .00000727  00000-0  33454-3 0   878
2 11416  98.7309  35.7226 0013335  92.0280 268.2428 14.22474848 27074
1 11416U 79057A   80010.19623056  .00001049  00000-0  47830-3 0   891
2 11416  98.7308  42.4110 0013237  72.9891 287.2737 14.22490765 28033
1 11416U 79057A   80012.65808115  .00000898  00000-0  41063-3 0   900
2 11416  98.7297  44.8498 0013170  68.0351 292.2332 14.22498291 28385
1 11416U 79057A   80014.34619554  .00001902  00000-0  86042-3 0   919
2 11416  98.7296  46.5215 0013124  63.2054 297.0466 14.22507470 28624
1 11416U 79057A   80015.89363032  .00001874  00000-0  84766-3 0   927
2 11416  98.7274  48.0538 0012893  57.5855 302.6607 14.22513053 28840
1 11416U 79057A   80016.73768415  .00001520  00000-0  68918-3 0   935
2 11416  98.7287  48.8901 0012811  55.2328 305.0051 14.22513676 28960