#	#	#	#	#	#	#	#	#
1	37854U	11061E	11335.84070964	.00006374	00000-0	51608-3	0	9990
2	37854	101.7036	281.1694	0255290	195.0285	164.3221	14.78269655	5064
1	37854U	11061E	11336.78828909	+.00006590	+00000-0	+53297-3	0	9990
2	37854	101.7042	282.5443	0255255	192.3155	167.1727	14.78283303	005209
1	37854U	11061E	11337.39744351	.00006607	00000-0	53439-3	0	9993
2	37854	101.7042	283.4285	0255175	190.5855	168.9904	14.78291557	5296
1	37854U	11061E	11337.80354472	+.00006635	+00000-0	+53663-3	0	9990
2	37854	101.7042	284.0172	0255136	189.4360	170.1995	14.78297200	005356
1	37854U	11061E	11338.41269356	.00006671	00000-0	53965-3	0	9999
2	37854	101.7045	284.9016	0255005	187.7140	172.0102	14.78305598	5448
1	37854U	11061E	11338.81878971	+.00006751	+00000-0	+54548-3	0	9999
2	37854	101.7043	285.4904	0255160	186.5961	173.1860	14.78311623	005504
1	37854U	11061E	11339.49561438	.00006901	00000-0	55737-3	0	9999
2	37854	101.7041	286.4715	0255065	184.6574	175.2246	14.78321869	5601
1	37854U	11061E	11339.96938848	+.00007020	+00000-0	+56658-3	0	9990
2	37854	101.7042	287.1586	0255082	183.3371	176.6148	14.78329255	005676
1	37854U	11061E	11340.51084226	.00006990	00000-0	56366-3	0	9996
2	37854	101.7043	287.9443	0255277	181.7819	178.2488	14.78336740	5753
1	37854U	11061E	11340.91693107	+.00007000	+00000-0	+56431-3	0	9990
2	37854	101.7042	288.5334	0255298	180.6327	179.4580	14.78342559	005811
1	37854U	11061E	11341.52606248	.00006743	00000-0	54352-3	0	9991
2	37854	101.7048	289.4189	0255457	178.9256	181.2530	14.78349501	5903
1	37854U	11061E	11341.79678676	+.00006739	+00000-0	+54318-3	0	9991
2	37854	101.7047	289.8116	0255417	178.1467	182.0738	14.78353173	005941
1	37854U	11061E	11342.81199616	.00006492	00000-0	52349-3	0	9995
2	37854	101.7046	291.2846	0255424	175.2368	185.1301	14.78365525	6094
1	37854U	11061E	11343.82720160	.00005946	00000-0	47974-3	0	9992
2	37854	101.7052	292.7580	0255718	172.3820	188.1393	14.78375024	6245
1	37854U	11061E	11343.96256099	+.00005938	+00000-0	+47911-3	0	9994
2	37854	101.7052	292.9543	0255688	171.9925	188.5466	14.78376626	006269
1	37854U	11061E	11344.84239526	.00005968	00000-0	48167-3	0	9995
2	37854	101.7054	294.2313	0255503	169.4912	191.1773	14.78387391	6391
1	37854U	11061E	11345.85758019	.00005982	00000-0	48302-3	0	9997
2	37854	101.7059	295.7052	0255308	166.6187	194.1958	14.78399706	6546
1	37854U	11061E	11345.92525891	+.00005947	+00000-0	+48018-3	0	9990
2	37854	101.7060	295.8031	0255333	166.4252	194.3983	14.78400343	006556
1	37854U	11061E	11346.80507980	+.00005821	+00000-0	+46969-3	0	9991
2	37854	101.7069	297.0831	0255539	163.8471	197.1070	14.78409823	006683
1	37854U	11061E	11347.41418214	.00005784	00000-0	46682-3	0	9990
2	37854	101.7070	297.9668	0255484	162.1186	198.9207	14.78416858	6773
1	37854U	11061E	11347.95560400	+.00005704	+00000-0	+46036-3	0	9999
2	37854	101.7070	298.7524	0255512	160.5796	200.5343	14.78422764	006857
1	37854U	11061E	11348.42934764	.00005439	00000-0	43975-3	0	9994
2	37854	101.7074	299.4399	0255362	159.2656	201.9126	14.78426762	6926
1	37854U	11061E	11348.97076575	+.00005386	+00000-0	+43553-3	0	9994
2	37854	101.7074	300.2253	0255367	157.7228	203.5291	14.78432477	007000
1	37854U	11061E	11349.44450549	.00005222	00000-0	42250-3	0	9996
2	37854	101.7076	300.9125	0255402	156.3983	204.9175	14.78436731	7070
1	37854U	11061E	11349.91824346	+.00005096	+00000-0	+41236-3	0	9990
2	37854	101.7075	301.5997	0255465	155.0530	206.3253	14.78441017	007140
1	37854U	11061E	11350.45965818	.00004770	00000-0	38703-3	0	9994
2	37854	101.7079	302.3853	0255239	153.5478	207.9007	14.78444787	7227
1	37854U	11061E	11350.93339366	+.00004646	+00000-0	+37717-3	0	9996
2	37854	101.7080	303.0728	0255270	152.1921	209.3181	14.78448630	007298
1	37854U	11061E	11351.47480684	.00004171	00000-0	34059-3	0	9995
2	37854	101.7089	303.8593	0254725	150.6839	210.8928	14.78450985	7371
1	37854U	11061E	11351.81318808	+.00004096	+00000-0	+33455-3	0	9996
2	37854	101.7089	304.3505	0254793	149.6937	211.9276	14.78453395	007424
1	37854U	11061E	11352.82832885	.00003467	00000-0	28430-3	0	9992
2	37854	101.7099	305.8237	0255264	146.8137	214.9326	14.78457927	7578
1	37854U	11061E	11353.91114023	.00003089	00000-0	25481-3	0	9993
2	37854	101.7116	307.3977	0254979	143.7417	218.1325	14.78463213	7733
1	37854U	11061E	11354.85859577	+.00002961	+00000-0	+24467-3	0	9998
2	37854	101.7118	308.7729	0254947	141.0698	220.9175	14.78468453	007872
1	37854U	11061E	11355.46767064	.00003000	00000-0	24771-3	0	9998
2	37854	101.7116	309.6565	0254997	139.3403	222.7143	14.78472475	7961
1	37854U	11061E	11355.80604419	+.00003126	+00000-0	+25772-3	0	9991
2	37854	101.7116	310.1480	0254893	138.3811	223.7103	14.78475320	008017
1	37854U	11061E	11356.82116129	.00003326	00000-0	27343-3	0	9998
2	37854	101.7112	311.6214	0254838	135.5314	226.6666	14.78483131	8161
1	37854U	11061E	11357.83627075	.00003806	00000-0	31142-3	0	9992
2	37854	101.7108	313.0952	0254654	132.5987	229.7024	14.78493195	8310
1	37854U	11061E	11358.85137383	.00003909	00000-0	31981-3	0	9998
2	37854	101.7106	314.5683	0254387	129.6895	232.7041	14.78501809	8464
1	37854U	11061E	11358.91904707	+.00003868	+00000-0	+31663-3	0	9998
2	37854	101.7107	314.6666	0254377	129.4680	232.9288	14.78502119	008477
1	37854U	11061E	11359.86647200	.00003745	00000-0	30695-3	0	9993
2	37854	101.7106	316.0412	0254282	126.7991	235.6832	14.78508883	8616
1	37854U	11061E	11359.93414493	+.00003785	+00000-0	+31017-3	0	9990
2	37854	101.7106	316.1396	0254259	126.6169	235.8726	14.78509613	008625
1	37854U	11061E	11360.81388983	+.00003776	+00000-0	+30925-3	0	9990
2	37854	101.7105	317.4162	0254314	124.1288	238.4312	14.78516429	008753
1	37854U	11061E	11361.42294283	.00003454	00000-0	28392-3	0	9995
2	37854	101.7111	318.3001	0254262	122.4014	240.2034	14.78519377	8849
1	37854U	11061E	11361.82897767	+.00003334	+00000-0	+27429-3	0	9992
2	37854	101.7113	318.8891	0254400	121.2543	241.3837	14.78521556	008903
1	37854U	11061E	11362.57337109	.00003158	00000-0	26030-3	0	9995
2	37854	101.7116	319.9694	0254417	119.1676	243.5223	14.78525681	9019
1	37854U	11061E	11362.91173102	+.00003132	+00000-0	+25815-3	0	9996
2	37854	101.7115	320.4604	0254487	118.2239	244.4907	14.78527713	009060
1	37854U	11061E	11363.85913429	.00003173	00000-0	26134-3	0	9994
2	37854	101.7113	321.8355	0254510	115.5228	247.2523	14.78534086	9203
1	37854U	11061E	11364.87419983	.00003726	00000-0	30470-3	0	9995
2	37854	101.7103	323.3088	0254607	112.6789	250.1542	14.78544049	9359
1	37854U	11061E	11365.82158788	+.00004186	+00000-0	+34086-3	0	9992
2	37854	101.7099	324.6841	0254580	110.0299	252.8565	14.78554001	009490
1	37854U	11061E	12001.49828827	.00004318	00000-0	35131-3	0	9990
2	37854	101.7100	325.6668	0254493	108.0786	254.8306	14.78560562	9597
1	37854U	11061E	12001.83663761	+.00004373	+00000-0	+35566-3	0	9995
2	37854	101.7103	326.1581	0254450	107.1217	255.8012	14.78563857	009643
1	37854U	11061E	12002.51333478	.00004297	00000-0	34970-3	0	9993
2	37854	101.7100	327.1396	0254393	105.1808	257.7661	14.78569617	9747
1	37854U	11061E	12002.85168178	+.00004394	+00000-0	+35741-3	0	9998
2	37854	101.7098	327.6305	0254315	104.2204	258.7391	14.78573138	009791
1	37854U	11061E	12003.52837365	.00004216	00000-0	34331-3	0	9991
2	37854	101.7097	328.6121	0254322	102.3282	260.6497	14.78578334	9893
1	37854U	11061E	12003.86671852	+.00004250	+00000-0	+34599-3	0	9999
2	37854	101.7097	329.1030	0254296	101.3641	261.6240	14.78581465	009948
1	37854U	11061E	12004.54340564	.00004229	00000-0	34437-3	0	9995
2	37854	101.7097	330.0852	0254281	099.4296	263.5738	14.78587295	10041
1	37854U	11061E	12004.94941609	+.00004269	+00000-0	+34740-3	0	9997
2	37854	101.7098	330.6746	0254323	098.2839	264.7281	14.78591024	010105
1	37854U	11061E	12005.82910208	.00004226	00000-0	34410-3	0	9993
2	37854	101.7099	331.9514	0254196	095.7566	267.2674	14.78598485	10236
1	37854U	11061E	12006.84411721	.00004133	00000-0	33676-3	0	9992
2	37854	101.7097	333.4248	0254194	092.9199	270.1116	14.78606628	10383
1	37854U	11061E	12007.85912495	.00004278	00000-0	34822-3	0	9992
2	37854	101.7098	334.8986	0254064	089.9741	273.0575	14.78616037	10536
1	37854U	11061E	12008.87412493	.00004290	00000-0	34917-3	0	9997
2	37854	101.7102	336.3723	0254033	087.0744	275.9492	14.78624981	10688
1	37854U	11061E	12009.88911691	.00004394	00000-0	35711-3	0	9991
2	37854	101.7106	337.8464	0254111	084.1983	278.8123	14.78634451	10833
1	37854U	11061E	12010.83643527	+.00004514	+00000-0	+36668-3	0	9994
2	37854	101.7107	339.2220	0253980	081.5171	281.4736	14.78643641	010979
1	37854U	11061E	12011.51308744	.00004442	00000-0	36092-3	0	9990
2	37854	101.7109	340.2047	0253989	079.5780	283.3921	14.78649518	11070
1	37854U	11061E	12011.85141184	+.00004518	+00000-0	+36697-3	0	9995
2	37854	101.7108	340.6958	0253923	078.6397	284.3210	14.78652991	011123
1	37854U	11061E	12012.52805919	.00004412	00000-0	35858-3	0	9994
2	37854	101.7109	341.6782	0253938	076.7292	286.2081	14.78658672	11229
1	37854U	11061E	12012.93404581	+.00004476	+00000-0	+36359-3	0	9996
2	37854	101.7110	342.2674	0253913	075.5628	287.3603	14.78662729	011287
1	37854U	11061E	12013.54302428	.00004239	00000-0	34506-3	0	9990
2	37854	101.7114	343.1515	0253820	073.8201	289.0756	14.78667056	11376
1	37854U	11061E	12013.94900817	+.00004271	+00000-0	+34758-3	0	9995
2	37854	101.7114	343.7407	0253771	072.6588	290.2196	14.78670798	011438
1	37854U	11061E	12014.89629994	.00004180	00000-0	34041-3	0	9998
2	37854	101.7121	345.1173	0253724	069.9055	292.9247	14.78678527	11577
1	37854U	11061E	12015.91124903	.00004046	00000-0	32995-3	0	9999
2	37854	101.7123	346.5911	0253660	066.9945	295.7787	14.78686410	11725
1	37854U	11061E	12016.85852819	+.00003996	+00000-0	+32610-3	0	9994
2	37854	101.7122	347.9665	0253527	064.3423	298.3729	14.78693856	011862
1	37854U	11061E	12017.53515099	.00004342	00000-0	35306-3	0	9997
2	37854	101.7120	348.9497	0253695	062.4056	300.2666	14.78701326	11967
1	37854U	11061E	12017.94112139	+.00004644	+00000-0	+37701-3	0	9996
2	37854	101.7119	349.5398	0253553	061.2203	301.4210	14.78706651	012028
1	37854U	11061E	12018.88838242	.00005084	00000-0	41132-3	0	9992
2	37854	101.7118	350.9164	0253649	058.5157	304.0576	14.78718259	12163
1	37854U	11061E	12019.83563146	+.00005820	+00000-0	+46904-3	0	9996
2	37854	101.7114	352.2924	0253640	055.8130	306.6842	14.78732711	012309
1	37854U	11061E	12020.03861280	.00005856	00000-0	47188-3	0	9994
2	37854	101.7114	352.5871	0253612	055.2340	307.2464	14.78735318	12335
1	37854U	11061E	12020.85053472	+.00006108	+00000-0	+49172-3	0	9996
2	37854	101.7113	353.7662	0253520	052.9238	309.4942	14.78746428	012455
1	37854U	11061E	12021.86542395	+.00006425	+00000-0	+51654-3	0	9995
2	37854	101.7112	355.2396	0253477	050.0384	312.2799	14.78761011	012601
1	37854U	11061E	12022.94796095	+.00006819	+00000-0	+54739-3	0	9997
2	37854	101.7113	356.8127	0253415	046.9294	315.2825	14.78777523	012762
1	37854U	11061E	12023.48922439	.00007073	00000-0	56697-3	0	9998
2	37854	101.7115	357.5993	0253513	045.4323	316.7277	14.78786427	12848
1	37854U	11061E	12023.96282568	+.00007437	+00000-0	+59550-3	0	9998
2	37854	101.7114	358.2878	0253477	044.0571	318.0527	14.78795407	012915
1	37854U	11061E	12024.50408093	.00008038	00000-0	64219-3	0	9998
2	37854	101.7114	359.0757	0253559	042.5662	319.4913	14.78806717	12994
1	37854U	11061E	12024.97767486	+.00008460	+00000-0	+67502-3	0	9990
2	37854	101.7115	359.7644	0253585	041.1565	320.8460	14.78816983	013061
1	37854U	11061E	12025.51892165	.00008932	00000-0	71225-3	0	9995
2	37854	101.7113	000.5516	0253440	039.6711	322.2753	14.78828737	13143
1	37854U	11061E	12025.85719804	+.00009216	+00000-0	+73498-3	0	9990
2	37854	101.7113	001.0433	0253253	038.6633	323.2439	14.78836536	013194
1	37854U	11061E	12026.87202004	.00009549	00000-0	76035-3	0	9991
2	37854	101.7114	002.5177	0253335	035.7882	325.9999	14.78857505	13347
1	37854U	11061E	12027.88682978	.00009530	00000-0	75850-3	0	9999
2	37854	101.7119	003.9916	0253317	032.8846	328.7836	14.78877006	13491
1	37854U	11061E	12027.95448313	+.00009539	+00000-0	+75928-3	0	9995
2	37854	101.7119	004.0898	0253299	032.6903	328.9695	14.78878371	013506
1	37854U	11061E	12028.90162722	.00009202	00000-0	73247-3	0	9997
2	37854	101.7120	005.4640	0253316	029.9553	331.5868	14.78894811	13642
1	37854U	11061E	12028.96927982	+.00009155	+00000-0	+72895-3	0	9995
2	37854	101.7120	005.5622	0253265	029.7692	331.7637	14.78895816	013651
1	37854U	11061E	12029.84876395	.00008421	00000-0	67167-3	0	9995
2	37854	101.7123	006.8368	0253110	027.3404	334.0860	14.78907694	13785
1	37854U	11061E	12029.84876395	+.00008421	+00000-0	+67167-3	0	9995
2	37854	101.7123	006.8368	0253110	027.3404	334.0860	14.78907694	013785
1	37854U	11061E	12030.93119435	.00007696	00000-0	61479-3	0	9995
2	37854	101.7124	008.4064	0253069	024.2783	337.0085	14.78921774	13941
1	37854U	11061E	12031.87831111	+.00007132	+00000-0	+57168-3	0	9996
2	37854	101.7128	009.7805	0252562	021.6031	339.5599	14.78933139	014087
1	37854U	11061E	12032.48716708	.00006973	00000-0	55884-3	0	9993
2	37854	101.7131	010.6648	0252642	019.8437	341.2365	14.78941143	14170
1	37854U	11061E	12032.89306923	+.00006959	+00000-0	+55776-3	0	9996
2	37854	101.7132	011.2547	0252596	018.6855	342.3425	14.78946723	014230
1	37854U	11061E	12033.70486808	.00006866	00000-0	55021-3	0	9998
2	37854	101.7132	012.4335	0252656	016.3535	344.5633	14.78957747	14351
1	37854U	11061E	12033.97546517	+.00006974	+00000-0	+55895-3	0	9990
2	37854	101.7131	012.8270	0252523	015.5767	345.3026	14.78962067	014393
1	37854U	11061E	12034.85490349	.00007030	00000-0	56310-3	0	9996
2	37854	101.7132	014.1048	0252526	013.0752	347.6847	14.78974832	14526
1	37854U	11061E	12035.86962984	.00007166	00000-0	57351-3	0	9993
2	37854	101.7135	015.5803	0252528	010.1564	350.4640	14.78990005	14673
1	37854U	11061E	12036.88434476	.00007368	00000-0	58864-3	0	9990
2	37854	101.7136	017.0555	0252704	007.2365	353.2424	14.79006042	14825
1	37854U	11061E	12036.95199111	+.00007374	+00000-0	+58902-3	0	9992
2	37854	101.7136	017.1539	0252728	007.0432	353.4210	14.79007088	014834
1	37854U	11061E	12037.89904868	.00007367	00000-0	58856-3	0	9999
2	37854	101.7137	018.5300	0252630	004.3409	355.9900	14.79021143	14978
1	37854U	11061E	12037.96669528	+.00007370	+00000-0	+58874-3	0	9992
2	37854	101.7137	018.6283	0252633	004.1502	356.1711	14.79022170	014989
1	37854U	11061E	12038.91374361	.00007270	00000-0	58100-3	0	9997
2	37854	101.7138	020.0041	0252499	001.4540	358.7328	14.79035696	15127
1	37854U	11061E	12039.86078466	+.00007091	+00000-0	+56715-3	0	9990
2	37854	101.7140	021.3802	0252366	358.7387	001.3155	14.79048434	015267
1	37854U	11061E	12040.46959127	.00007066	00000-0	56521-3	0	9997
2	37854	101.7141	022.2650	0252297	357.0105	002.9564	14.79057011	15354
1	37854U	11061E	12040.87546139	+.00006988	+00000-0	+55895-3	0	9992
2	37854	101.7142	022.8547	0252343	355.8735	004.0372	14.79062370	015414
1	37854U	11061E	12041.48426380	.00006759	00000-0	54143-3	0	9996
2	37854	101.7147	023.7401	0252123	354.1488	005.6747	14.79069471	15503
1	37854U	11061E	12041.89013028	+.00006822	+00000-0	+54674-3	0	9992
2	37854	101.7149	024.3310	0251927	353.0070	006.7648	14.79075180	015569
1	37854U	11061E	12042.49892643	.00006704	00000-0	53703-3	0	9998
2	37854	101.7152	025.2162	0252079	351.2505	008.4330	14.79082984	15657
1	37854U	11061E	12042.90478888	+.00006731	+00000-0	+53919-3	0	9994
2	37854	101.7153	025.8061	0252033	350.0933	009.5357	14.79088655	015713
1	37854U	11061E	12043.51357921	.00006722	00000-0	53829-3	0	9996
2	37854	101.7153	026.6908	0252052	348.3627	011.1805	14.79096964	15802
1	37854U	11061E	12043.91943786	+.00006668	+00000-0	+53403-3	0	9997
2	37854	101.7154	027.2806	0252029	347.2179	012.2682	14.79102183	015863
1	37854U	11061E	12044.52822514	.00006369	00000-0	51104-3	0	9994
2	37854	101.7158	028.1654	0251808	345.4989	013.9049	14.79108511	15957
1	37854U	11061E	12044.93408174	+.00006317	+00000-0	+50710-3	0	9996
2	37854	101.7156	028.7548	0251708	344.3522	015.0002	14.79113426	016014
1	37854U	11061E	12045.54286178	.00006437	00000-0	51661-3	0	9991
2	37854	101.7161	029.6412	0251601	342.6397	016.6306	14.79121781	16100
1	37854U	11061E	12045.88107172	+.00006552	+00000-0	+52569-3	0	9990
2	37854	101.7160	030.1333	0251545	341.6495	017.5787	14.79126830	016151
1	37854U	11061E	12046.89569174	.00007039	00000-0	56422-3	0	9999
2	37854	101.7157	031.6095	0251320	338.7205	020.3707	14.79143175	16307
1	37854U	11061E	12047.84266076	+.00007910	+00000-0	+63194-3	0	9992
2	37854	101.7151	032.9878	0251412	335.9816	022.9959	14.79161786	016443
1	37854U	11061E	12048.18085936	.00007952	00000-0	63506-3	0	9997
2	37854	101.7151	033.4794	0251447	335.0279	023.8926	14.79167446	16496
1	37854U	11061E	12048.92489723	+.00008075	+00000-0	+64457-3	0	9994
2	37854	101.7155	034.5618	0251400	332.9270	025.9000	14.79180072	016602
1	37854U	11061E	12049.53365191	.00007974	00000-0	63617-3	0	9998
2	37854	101.7156	035.4464	0251525	331.1839	027.5653	14.79189539	16690
1	37854U	11061E	12049.93948657	+.00007906	+00000-0	+63083-3	0	9998
2	37854	101.7157	036.0364	0251489	330.0347	028.6653	14.79195700	016754
1	37854U	11061E	12050.54823837	.00007342	00000-0	58661-3	0	9999
2	37854	101.7160	036.9204	0251491	328.2784	030.3463	14.79202282	16840
1	37854U	11061E	12050.88643240	+.00007170	+00000-0	+57354-3	0	9991
2	37854	101.7157	037.4112	0251284	327.3235	031.2628	14.79206250	016898
1	37854U	11061E	12051.90100602	.00007009	00000-0	56057-3	0	9995
2	37854	101.7165	038.8881	0251355	324.4344	034.0321	14.79219768	17040
1	37854U	11061E	12052.91556925	.00007131	00000-0	57002-3	0	9997
2	37854	101.7167	040.3646	0251314	321.5423	036.8095	14.79234673	17196
1	37854U	11061E	12053.93012434	.00006913	00000-0	55335-3	0	9996
2	37854	101.7166	041.8386	0251037	318.6343	039.6078	14.79248141	17346
1	37854U	11061E	12054.94467245	.00006594	00000-0	52820-3	0	9993
2	37854	101.7168	043.3129	0251042	315.7443	042.3910	14.79260528	17490
1	37854U	11061E	12054.94467245	+.00006594	+00000-0	+52820-3	0	9993
2	37854	101.7168	043.3129	0251042	315.7443	042.3910	14.79260528	017490
1	37854U	11061E	12055.89157929	+.00006122	+00000-0	+49084-3	0	9998
2	37854	101.7168	044.6888	0251193	313.0587	044.9821	14.79270439	017630
1	37854U	11061E	12056.50030086	.00006008	00000-0	48120-3	0	9994
2	37854	101.7171	045.5743	0251502	311.3478	046.6317	14.79277471	17720
1	37854U	11061E	12056.90611495	+.00005847	+00000-0	+46873-3	0	9990
2	37854	101.7174	046.1648	0251405	310.2230	047.7211	14.79281441	017783
1	37854U	11061E	12057.51483269	.00005606	00000-0	45001-3	0	9999
2	37854	101.7172	047.0490	0251323	308.4721	049.4141	14.79287424	17877
1	37854U	11061E	12057.92064339	+.00005627	+00000-0	+45166-3	0	9992
2	37854	101.7174	047.6400	0251288	307.2877	050.5661	14.79292004	017932
1	37854U	11061E	12058.52935627	.00005634	00000-0	45194-3	0	9995
2	37854	101.7176	048.5258	0251372	305.5693	052.2298	14.79299033	18021
1	37854U	11061E	12058.93516395	+.00005655	+00000-0	+45365-3	0	9990
2	37854	101.7175	049.1156	0251304	304.3915	053.3771	14.79303800	018085
1	37854U	11061E	12059.54387197	.00005787	00000-0	46402-3	0	9993
2	37854	101.7176	050.0013	0251228	302.6738	055.0451	14.79311512	18171
1	37854U	11061E	12059.94967569	+.00005886	+00000-0	+47151-3	0	9996
2	37854	101.7177	050.5915	0251307	301.5148	056.1720	14.79316887	018237
1	37854U	11061E	12060.55837910	.00006019	00000-0	48207-3	0	9993
2	37854	101.7176	051.4768	0251193	299.7765	057.8661	14.79324903	18328
1	37854U	11061E	12060.89654672	+.00006067	+00000-0	+48569-3	0	9996
2	37854	101.7173	051.9680	0251218	298.8110	058.8083	14.79329377	018379
1	37854U	11061E	12061.91104483	+.00006066	+00000-0	+48542-3	0	9990
2	37854	101.7177	053.4443	0251223	295.9344	061.6162	14.79341812	018525
1	37854U	11061E	12062.92553401	+.00006261	+00000-0	+50032-3	0	9994
2	37854	101.7179	054.9216	0251289	293.0063	064.4822	14.79355295	018670
1	37854U	11061E	12063.94001621	+.00006283	+00000-0	+50186-3	0	9993
2	37854	101.7180	056.3977	0251260	290.1006	067.3318	14.79368222	018829
1	37854U	11061E	12064.95449144	+.00006240	+00000-0	+49829-3	0	9996
2	37854	101.7181	057.8732	0251315	287.2205	070.1629	14.79380956	018975
1	37854U	11061E	12065.49554250	.00006026	00000-0	48133-3	0	9990
2	37854	101.7182	058.6599	0251405	285.6744	071.6823	14.79386657	19052
1	37854U	11061E	12065.96896130	+.00005943	+00000-0	+47490-3	0	9990
2	37854	101.7183	059.3487	0251363	284.3548	072.9846	14.79391952	019129
1	37854U	11061E	12066.51001046	.00005565	00000-0	44533-3	0	9991
2	37854	101.7186	060.1358	0251403	282.7641	074.5535	14.79396221	19206
1	37854U	11061E	12066.91579658	+.00005479	+00000-0	+43884-3	0	9996
2	37854	101.7184	060.7260	0251255	281.5828	075.7262	14.79400171	019267
1	37854U	11061E	12067.52447191	.00005429	00000-0	43492-3	0	9990
2	37854	101.7184	061.6111	0251221	279.8397	077.4511	14.79406705	19351
1	37854U	11061E	12067.72736381	+.00005388	+00000-0	+43184-3	0	9996
2	37854	101.7180	061.9055	0251156	279.2468	078.0410	14.79408734	019389
1	37854U	11061E	12068.87707347	.00005987	00000-0	47862-3	0	9995
2	37854	101.7181	063.5791	0250991	275.9347	081.3328	14.79424191	19559
1	37854U	11061E	12068.94470242	+.00006080	+00000-0	+48580-3	0	9997
2	37854	101.7182	063.6786	0251013	275.7192	081.5460	14.79425258	019562
1	37854U	11061E	12069.95914381	.00006387	00000-0	50947-3	0	9996
2	37854	101.7182	065.1542	0251016	272.8613	084.3903	14.79439260	19716
1	37854U	11061E	12069.95914381	+.00006387	+00000-0	+50947-3	0	9996
2	37854	101.7182	065.1542	0251016	272.8613	084.3903	14.79439260	019716
1	37854U	11061E	12070.97357502	.00007222	00000-0	57429-3	0	9997
2	37854	101.7181	066.6305	0251010	270.0311	087.2119	14.79455894	19865
1	37854U	11061E	12070.97357502	+.00007222	+00000-0	+57429-3	0	9997
2	37854	101.7181	066.6305	0251010	270.0311	087.2119	14.79455894	019865
1	37854U	11061E	12071.92037468	+.00006148	+00000-0	+49056-3	0	9992
2	37854	101.7183	068.0080	0250988	267.3394	089.9057	14.79465221	020009
1	37854U	11061E	12072.93479785	+.00005030	+00000-0	+40337-3	0	9998
2	37854	101.7187	069.4855	0251027	264.3132	092.9429	14.79472253	020156
1	37854U	11061E	12073.54344811	.00004988	00000-0	40005-3	0	9990
2	37854	101.7197	070.3728	0251025	262.6513	094.6081	14.79478174	20240
1	37854U	11061E	12073.94921384	+.00005269	+00000-0	+42163-3	0	9990
2	37854	101.7192	070.9631	0251144	261.4261	095.8443	14.79482980	020305
1	37854U	11061E	12074.76074307	.00004959	00000-0	39745-3	0	9992
2	37854	101.7191	072.1433	0251159	259.1523	098.1327	14.79490716	20425
1	37854U	11061E	12074.96362443	+.00005055	+00000-0	+40482-3	0	9993
2	37854	101.7191	072.4385	0251200	258.5636	098.7262	14.79493033	020451
1	37854U	11061E	12075.77515088	.00004326	00000-0	34811-3	0	9997
2	37854	101.7195	073.6201	0251165	256.2954	101.0167	14.79498735	20572
1	37854U	11061E	12075.97803185	+.00004350	+00000-0	+34993-3	0	9995
2	37854	101.7195	073.9157	0251202	255.6902	101.6300	14.79500422	020609
1	37854U	11061E	12076.92480618	.00005249	00000-0	41978-3	0	9992
2	37854	101.7199	075.2964	0251132	253.0074	104.3514	14.79511189	20742
1	37854U	11061E	12077.93920027	.00005465	00000-0	43642-3	0	9997
2	37854	101.7187	076.7718	0251123	250.1041	107.2953	14.79522614	20894
1	37854U	11061E	12077.93920027	+.00005465	+00000-0	+43642-3	0	9997
2	37854	101.7187	076.7718	0251123	250.1041	107.2953	14.79522614	020894
1	37854U	11061E	12078.95358940	.00004982	00000-0	39879-3	0	9999
2	37854	101.7189	078.2473	0251131	247.2259	110.2215	14.79532095	21045
1	37854U	11061E	12078.95358940	+.00004982	+00000-0	+39879-3	0	9999
2	37854	101.7189	078.2473	0251131	247.2259	110.2215	14.79532095	021045
1	37854U	11061E	12079.96797613	.00004264	00000-0	34281-3	0	9990
2	37854	101.7181	079.7220	0251182	244.3370	113.1698	14.79539115	21194
1	37854U	11061E	12079.96797613	+.00004264	+00000-0	+34281-3	0	9990
2	37854	101.7181	079.7220	0251182	244.3370	113.1698	14.79539115	021194
1	37854U	11061E	12080.98236069	.00003289	00000-0	26715-3	0	9996
2	37854	101.7182	081.1972	0251170	241.4734	116.0968	14.79543159	21347
1	37854U	11061E	12080.98236069	+.00003289	+00000-0	+26715-3	0	9996
2	37854	101.7182	081.1972	0251170	241.4734	116.0968	14.79543159	021347
1	37854U	11061E	12081.92911884	+.00002374	+00000-0	+19600-3	0	9995
2	37854	101.7178	082.5738	0251260	238.7675	118.8687	14.79544992	021489
1	37854U	11061E	12082.87587537	.00002128	00000-0	17697-3	0	9995
2	37854	101.7183	083.9524	0251150	236.1093	121.5987	14.79548207	21620
1	37854U	11061E	12082.94350038	+.00002216	+00000-0	+18375-3	0	9999
2	37854	101.7182	084.0513	0251186	235.9172	121.7959	14.79548819	021634
1	37854U	11061E	12083.89025298	.00002414	00000-0	19899-3	0	9993
2	37854	101.7179	085.4287	0251261	233.2023	124.5886	14.79554186	21772
1	37854U	11061E	12084.90462731	.00002742	00000-0	22448-3	0	9991
2	37854	101.7184	086.9054	0251201	230.3143	127.5667	14.79561187	21927
1	37854U	11061E	12084.97225169	+.00002884	+00000-0	+23544-3	0	9995
2	37854	101.7184	087.0044	0251267	230.1232	127.7644	14.79562169	021936
1	37854U	11061E	12085.91899742	.00003047	00000-0	24803-3	0	9995
2	37854	101.7186	088.3822	0251199	227.4079	130.5691	14.79568794	22078
1	37854U	11061E	12085.98662184	+.00003062	+00000-0	+24927-3	0	9994
2	37854	101.7186	088.4807	0251194	227.2180	130.7647	14.79569291	022085
1	37854U	11061E	12086.93336829	+.00002603	+00000-0	+21360-3	0	9992
2	37854	101.7186	089.8575	0251169	224.5075	133.5708	14.79572625	022227
1	37854U	11061E	12087.00099271	.00002499	00000-0	20582-3	0	9996
2	37854	101.7188	089.9570	0250861	224.3361	133.7430	14.79572408	22233
1	37854U	11061E	12087.94773641	+.00002498	+00000-0	+20547-3	0	9999
2	37854	101.7187	091.3349	0251087	221.6134	136.5729	14.79577114	022378
1	37854U	11061E	12088.48872981	.00002439	00000-0	20063-3	0	9994
2	37854	101.7166	092.1228	0251414	219.9733	138.2721	14.79579933	22450
1	37854U	11061E	12088.96209844	+.00002553	+00000-0	+20939-3	0	9998
2	37854	101.7171	092.8121	0251490	218.6311	139.6667	14.79583208	022529
1	37854U	11061E	12089.77358549	.00002829	00000-0	23077-3	0	9997
2	37854	101.7177	093.9931	0251404	216.3307	142.0612	14.79589522	22647
1	37854U	11061E	12089.97645691	+.00002880	+00000-0	+23472-3	0	9992
2	37854	101.7177	094.2886	0251396	215.7634	142.6525	14.79591058	022675
1	37854U	11061E	12090.78794001	.00003122	00000-0	25349-3	0	9998
2	37854	101.7179	095.4693	0251337	213.4577	145.0534	14.79597576	22793
1	37854U	11061E	12090.99081058	+.00003134	+00000-0	+25431-3	0	9997
2	37854	101.7179	095.7643	0251383	212.8785	145.6570	14.79598977	022822
1	37854U	11061E	12091.93753740	.00003234	00000-0	26195-3	0	9995
2	37854	101.7181	097.1424	0251415	210.1803	148.4710	14.79605888	22968
1	37854U	11061E	12091.93753740	+.00003234	+00000-0	+26195-3	0	9995
2	37854	101.7181	097.1424	0251415	210.1803	148.4710	14.79605888	022968
1	37854U	11061E	12092.95188718	.00003022	00000-0	24569-3	0	9993
2	37854	101.7188	098.6210	0251271	207.3893	151.3887	14.79611179	23117
1	37854U	11061E	12092.95188718	+.00003022	+00000-0	+24569-3	0	9993
2	37854	101.7188	098.6210	0251271	207.3893	151.3887	14.79611179	023117
1	37854U	11061E	12093.96623132	.00003021	00000-0	24535-3	0	9991
2	37854	101.7186	100.0971	0251427	204.5007	154.4085	14.79617524	23266
1	37854U	11061E	12093.96623132	+.00003021	+00000-0	+24535-3	0	9991
2	37854	101.7186	100.0971	0251427	204.5007	154.4085	14.79617524	023266
1	37854U	11061E	12094.77770328	+.00003226	+00000-0	+26133-3	0	9994
2	37854	101.7185	101.2773	0251265	202.1909	156.8265	14.79623926	023385
1	37854U	11061E	12094.98057062	.00003244	00000-0	26254-3	0	9994
2	37854	101.7185	101.5724	0251388	201.6155	157.4293	14.79625399	23415
1	37854U	11061E	12095.92728204	+.00003553	+00000-0	+28654-3	0	9991
2	37854	101.7182	102.9488	0251263	198.9272	160.2466	14.79633888	023555
1	37854U	11061E	12095.99490381	.00003577	00000-0	28836-3	0	9998
2	37854	101.7182	103.0474	0251283	198.7394	160.4426	14.79634523	23563
1	37854U	11061E	12096.94161218	+.00003562	+00000-0	+28716-3	0	9999
2	37854	101.7179	104.4248	0251260	196.0509	163.2632	14.79641430	023708
1	37854U	11061E	12097.55020814	.00003532	00000-0	28499-3	0	9998
2	37854	101.7186	105.3119	0251115	194.3404	165.0569	14.79645648	23790
1	37854U	11061E	12097.95593831	+.00003519	+00000-0	+28400-3	0	9993
2	37854	101.7185	105.9019	0251082	193.1706	166.2855	14.79648528	023857
1	37854U	11061E	12098.56453191	.00003484	00000-0	28140-3	0	9997
2	37854	101.7186	106.7878	0250971	191.4489	168.0934	14.79652747	23941
1	37854U	11061E	12098.97025918	+.00003546	+00000-0	+28603-3	0	9997
2	37854	101.7190	107.3790	0251029	190.3115	169.2884	14.79655962	024002
1	37854U	11061E	12099.91695565	.00003355	00000-0	27100-3	0	9992
2	37854	101.7189	108.7568	0251235	187.6031	172.1328	14.79661540	24143
1	37854U	11061E	12099.98457633	+.00003391	+00000-0	+27371-3	0	9991
2	37854	101.7189	108.8556	0251262	187.4228	172.3229	14.79662200	024154
1	37854U	11061E	12100.93126892	.00003233	00000-0	26134-3	0	9990
2	37854	101.7190	110.2332	0251346	184.7131	175.1698	14.79667790	24296
1	37854U	11061E	12101.94557990	.00002936	00000-0	23830-3	0	9998
2	37854	101.7191	111.7094	0251382	181.8343	178.1961	14.79672626	24448
1	37854U	11061E	12101.94557990	+.00002936	+00000-0	+23830-3	0	9998
2	37854	101.7191	111.7094	0251382	181.8343	178.1961	14.79672626	024448
1	37854U	11061E	12102.95988829	.00002574	00000-0	21026-3	0	9992
2	37854	101.7193	113.1866	0251390	178.9676	181.2093	14.79676315	24594
1	37854U	11061E	12102.95988829	+.00002574	+00000-0	+21026-3	0	9992
2	37854	101.7193	113.1866	0251390	178.9676	181.2093	14.79676315	024594
1	37854U	11061E	12103.97419357	.00002290	00000-0	18814-3	0	9996
2	37854	101.7193	114.6633	0251583	176.1036	184.2208	14.79679771	24743
1	37854U	11061E	12103.97419357	+.00002290	+00000-0	+18814-3	0	9996
2	37854	101.7193	114.6633	0251583	176.1036	184.2208	14.79679771	024743
1	37854U	11061E	12104.98849393	+.00002479	+00000-0	+20287-3	0	9991
2	37854	101.7196	116.1407	0251365	173.2335	187.2392	14.79685717	024890
1	37854U	11061E	12105.05611329	.00002513	00000-0	20556-3	0	9994
2	37854	101.7196	116.2390	0251303	173.0342	187.4457	14.79686267	24907
1	37854U	11061E	12105.93516669	+.00003031	+00000-0	+24561-3	0	9998
2	37854	101.7198	117.5194	0251203	170.5277	190.0794	14.79694058	025039
1	37854U	11061E	12106.54373989	.00003367	00000-0	27156-3	0	9997
2	37854	101.7198	118.4058	0251200	168.7633	191.9340	14.79699719	25126
1	37854U	11061E	12106.94945375	+.00003507	+00000-0	+28239-3	0	9994
2	37854	101.7198	118.9962	0251163	167.6179	193.1359	14.79703399	025186
1	37854U	11061E	12107.55802375	.00003556	00000-0	28611-3	0	9992
2	37854	101.7198	119.8821	0251140	165.8909	194.9475	14.79708070	25275
1	37854U	11061E	12107.96373673	+.00003522	+00000-0	+28339-3	0	9991
2	37854	101.7195	120.4721	0251187	164.7221	196.1744	14.79710825	025336
1	37854U	11061E	12108.57230474	.00003447	00000-0	27787-3	0	9992
2	37854	101.7198	121.3580	0250953	162.9882	197.9924	14.79714875	25423
1	37854U	11061E	12108.97801542	+.00003431	+00000-0	+27634-3	0	9990
2	37854	101.7195	121.9485	0251187	161.8532	199.1855	14.79717516	025488
1	37854U	11061E	12109.58657966	.00003410	00000-0	27487-3	0	9990
2	37854	101.7195	122.8339	0251041	160.1133	201.0066	14.79721781	25570
1	37854U	11061E	12109.99228857	+.00003379	+00000-0	+27215-3	0	9991
2	37854	101.7196	123.4244	0251263	158.9794	202.1992	14.79724363	025633
1	37854U	11061E	12110.60084803	.00003612	00000-0	29040-3	0	9990
2	37854	101.7197	124.3110	0251021	157.2262	204.0306	14.79729977	25726
1	37854U	11061E	12110.80370098	+.00003684	+00000-0	+29599-3	0	9994
2	37854	101.7194	124.6060	0250965	156.6472	204.6373	14.79731907	025751
1	37854U	11061E	12111.81795987	.00004125	00000-0	33008-3	0	9995
2	37854	101.7190	126.0830	0250908	153.7412	207.6769	14.79742207	25901
1	37854U	11061E	12111.95319379	+.00004174	+00000-0	+33385-3	0	9999
2	37854	101.7190	126.2797	0250902	153.3676	208.0681	14.79743625	025922
1	37854U	11061E	12112.83221038	.00004548	00000-0	36251-3	0	9991
2	37854	101.7188	127.5598	0250940	150.8776	210.6694	14.79753215	26051
1	37854U	11061E	12112.96744205	+.00004698	+00000-0	+37408-3	0	9992
2	37854	101.7188	127.7573	0250948	150.5402	211.0222	14.79755242	026073
1	37854U	11061E	12113.91406891	.00004831	00000-0	38433-3	0	9992
2	37854	101.7182	129.1345	0250868	147.8114	213.8681	14.79765203	26213
1	37854U	11061E	12113.98168405	+.00004929	+00000-0	+39192-3	0	9996
2	37854	101.7182	129.2333	0250879	147.6573	214.0301	14.79766369	026227
1	37854U	11061E	12114.92830157	.00005284	00000-0	41917-3	0	9994
2	37854	101.7179	130.6114	0250857	144.9384	216.8623	14.79777931	26361
1	37854U	11061E	12115.94252218	+.00006111	+00000-0	+48278-3	0	9990
2	37854	101.7176	132.0896	0250857	142.1010	219.8160	14.79793249	026513
1	37854U	11061E	12116.01013589	.00006286	00000-0	49642-3	0	9994
2	37854	101.7176	132.1887	0250798	141.9132	220.0100	14.79794748	26524
1	37854U	11061E	12116.95672912	+.00007538	+00000-0	+59265-3	0	9991
2	37854	101.7176	133.5682	0250795	139.2285	222.8000	14.79812386	026661
1	37854U	11061E	12117.02434142	.00007616	00000-0	59826-3	0	9991
2	37854	101.7175	133.6667	0250933	139.0857	222.9474	14.79813633	26674
1	37854U	11061E	12117.63286108	+.00007936	+00000-0	+62267-3	0	9993
2	37854	101.7171	134.5515	0250963	137.3207	224.7785	14.79824331	026767
1	37854U	11061E	12118.57943812	.00007846	00000-0	61618-3	0	9998
2	37854	101.7173	135.9289	0250697	134.6234	227.5672	14.79839409	26900
1	37854U	11061E	12118.98511394	+.00007250	+00000-0	+56931-3	0	9990
2	37854	101.7174	136.5187	0251037	133.4764	228.7610	14.79843062	026960
1	37854U	11061E	12119.86407001	.00006489	00000-0	51066-3	0	9994
2	37854	101.7173	137.7970	0251031	130.9907	231.3297	14.79852436	27098
1	37854U	11061E	12119.93168172	+.00006507	+00000-0	+51204-3	0	9990
2	37854	101.7173	137.8953	0251023	130.8017	231.5258	14.79853420	027107
1	37854U	11061E	12120.81063085	+.00006074	+00000-0	+47917-3	0	9991
2	37854	101.7181	139.1750	0250714	128.2572	234.1480	14.79862913	027236
1	37854U	11061E	12121.01346231	.00006206	00000-0	48924-3	0	9997
2	37854	101.7180	139.4707	0250766	127.7649	234.6554	14.79865894	27267
1	37854U	11061E	12121.96001295	+.00005847	+00000-0	+46167-3	0	9996
2	37854	101.7181	140.8472	0250638	125.0672	237.4320	14.79876065	027408
1	37854U	11061E	12122.16284357	.00005878	00000-0	46402-3	0	9997
2	37854	101.7181	141.1426	0250629	124.4940	238.0202	14.79878605	27433
1	37854U	11061E	12122.97416665	+.00005296	+00000-0	+41899-3	0	9994
2	37854	101.7180	142.3210	0250717	122.2034	240.3742	14.79885347	027553
1	37854U	11061E	12123.51504576	.00005167	00000-0	40985-3	0	9996
2	37854	101.7185	143.1093	0250213	120.5780	242.0359	14.79890674	27637
1	37854U	11061E	12123.98831389	+.00004830	+00000-0	+38332-3	0	9991
2	37854	101.7182	143.7963	0250550	119.2624	243.3874	14.79893848	027702
1	37854U	11061E	12124.79962586	.00004664	00000-0	37057-3	0	9993
2	37854	101.7185	144.9774	0250449	116.8937	245.8094	14.79901000	27829
1	37854U	11061E	12125.81375683	.00004746	00000-0	37690-3	0	9997
2	37854	101.7185	146.4548	0250364	113.9881	248.7745	14.79911162	27978
1	37854U	11061E	12126.82787942	.00004896	00000-0	38852-3	0	9991
2	37854	101.7185	147.9324	0250276	111.0820	251.7343	14.79921837	28126
1	37854U	11061E	12126.96309495	+.00004917	+00000-0	+39014-3	0	9994
2	37854	101.7185	148.1291	0250261	110.6974	252.1249	14.79923306	028146
1	37854U	11061E	12127.84199332	.00004969	00000-0	39390-3	0	9993
2	37854	101.7181	149.4080	0250336	108.1950	254.6676	14.79932472	28270
1	37854U	11061E	12128.85609954	.00004913	00000-0	38942-3	0	9992
2	37854	101.7177	150.8831	0250351	105.3096	257.5930	14.79942555	28427
1	37854U	11061E	12128.85609954	+.00004913	+00000-0	+38942-3	0	9992
2	37854	101.7177	150.8831	0250351	105.3096	257.5930	14.79942555	028427
1	37854U	11061E	12129.93780179	+.00004893	+00000-0	+38746-3	0	9990
2	37854	101.7177	152.4579	0250527	102.3888	260.5470	14.79953193	028585
1	37854U	11061E	12130.07301377	.00004990	00000-0	39496-3	0	9997
2	37854	101.7177	152.6560	0250523	102.1048	260.8401	14.79954843	28602
1	37854U	11061E	12130.95188896	+.00005023	+00000-0	+39726-3	0	9997
2	37854	101.7176	153.9350	0250563	099.6022	263.3583	14.79963988	028731
1	37854U	11061E	12131.96596509	.00005631	00000-0	44434-3	0	9990
2	37854	101.7174	155.4131	0250294	096.6589	266.3164	14.79978034	28881
1	37854U	11061E	12131.96596509	+.00005631	+00000-0	+44434-3	0	9990
2	37854	101.7174	155.4131	0250294	096.6589	266.3164	14.79978034	028881
1	37854U	11061E	12132.84482184	+.00006242	+00000-0	+49146-3	0	9995
2	37854	101.7174	156.6947	0250161	094.0935	268.8900	14.79991538	029014
1	37854U	11061E	12133.18284140	.00006339	00000-0	49900-3	0	9990
2	37854	101.7176	157.1882	0250089	093.2000	269.7868	14.79996137	29061
1	37854U	11061E	12133.99408355	+.00006614	+00000-0	+51994-3	0	9997
2	37854	101.7176	158.3696	0250112	090.8771	272.1109	14.80008291	029188
1	37854U	11061E	12134.53490705	.00006819	00000-0	53604-3	0	9995
2	37854	101.7177	159.1577	0249908	089.2914	273.6924	14.80016839	29265
1	37854U	11061E	12134.87292070	+.00006834	+00000-0	+53699-3	0	9998
2	37854	101.7176	159.6498	0249968	088.3308	274.6504	14.80021565	029317
1	37854U	11061E	12135.81935177	+.00006875	+00000-0	+54022-3	0	9991
2	37854	101.7175	161.0274	0249840	085.6805	277.2895	14.80035024	029458
1	37854U	11061E	12136.56296781	.00007075	00000-0	55640-3	0	9995
2	37854	101.7178	162.1140	0249412	083.5661	279.3865	14.80046417	29567
1	37854U	11061E	12136.96857577	+.00006959	+00000-0	+54745-3	0	9990
2	37854	101.7176	162.7038	0249410	082.4447	280.5010	14.80051557	029629
1	37854U	11061E	12137.57698284	.00007066	00000-0	55558-3	0	9999
2	37854	101.7177	163.5903	0249379	080.6806	282.2490	14.80060774	29715
1	37854U	11061E	12137.91498631	+.00006909	+00000-0	+54341-3	0	9995
2	37854	101.7178	164.0820	0249391	079.7437	283.1781	14.80064702	029766
1	37854U	11061E	12138.59098777	.00006958	00000-0	54711-3	0	9992
2	37854	101.7177	165.0654	0249372	077.7647	285.1356	14.80074655	29860
1	37854U	11061E	12138.86138730	+.00006907	+00000-0	+54306-3	0	9990
2	37854	101.7174	165.4584	0249385	077.0059	285.8858	14.80078201	029907
1	37854U	11061E	12139.87537590	.00007117	00000-0	55903-3	0	9997
2	37854	101.7169	166.9342	0249352	074.1058	288.7468	14.80093774	30059
1	37854U	11061E	12139.94297478	+.00007162	+00000-0	+56282-3	0	9994
2	37854	101.7168	167.0324	0249233	073.9274	288.9247	14.80095021	030060
1	37854U	11061E	12140.95694989	+.00007361	+00000-0	+57775-3	0	9994
2	37854	101.7163	168.5081	0249270	071.0452	291.7584	14.80111026	030216
1	37854U	11061E	12141.09214427	.00007531	00000-0	59138-3	0	9999
2	37854	101.7161	168.7050	0249042	070.6753	292.1197	14.80113977	30232
1	37854U	11061E	12141.97091247	+.00007520	+00000-0	+59020-3	0	9997
2	37854	101.7162	169.9838	0249083	068.1935	294.5567	14.80127346	030365
1	37854U	11061E	12142.10610610	.00007634	00000-0	59914-3	0	9992
2	37854	101.7161	170.1809	0249011	067.7961	294.9458	14.80130023	30382
1	37854U	11061E	12142.84967148	+.00007505	+00000-0	+58902-3	0	9997
2	37854	101.7162	171.2630	0248989	065.6612	297.0366	14.80140846	030498
1	37854U	11061E	12143.18765323	.00007529	00000-0	59086-3	0	9996
2	37854	101.7162	171.7549	0248960	064.7008	297.9761	14.80146132	30548
1	37854U	11061E	12143.86361473	+.00007278	+00000-0	+57152-3	0	9992
2	37854	101.7159	172.7375	0248936	062.7637	299.8689	14.80155147	030648
1	37854U	11061E	12144.53956942	.00007395	00000-0	58051-3	0	9997
2	37854	101.7159	173.7220	0248849	060.8584	301.7292	14.80165744	30749
1	37854U	11061E	12144.87754461	+.00007429	+00000-0	+58307-3	0	9998
2	37854	101.7157	174.2136	0248854	059.8926	302.6692	14.80171036	030793
1	37854U	11061E	12145.75627352	.00007659	00000-0	60058-3	0	9995
2	37854	101.7154	175.4928	0248832	057.4149	305.0819	14.80185649	30927
1	37854U	11061E	12145.95905528	+.00007731	+00000-0	+60625-3	0	9992
2	37854	101.7152	175.7881	0248736	056.8595	305.6208	14.80189150	030959
1	37854U	11061E	12146.83777446	.00007647	00000-0	59948-3	0	9998
2	37854	101.7153	177.0669	0248768	054.3676	308.0418	14.80202488	31082
1	37854U	11061E	12146.97296116	+.00007652	+00000-0	+59986-3	0	9991
2	37854	101.7153	177.2636	0248767	053.9809	308.4171	14.80204617	031109
1	37854U	11061E	12147.91926302	.00007494	00000-0	58772-3	0	9999
2	37854	101.7155	178.6417	0248674	051.2420	311.0709	14.80218490	31246
1	37854U	11061E	12147.98685572	+.00007501	+00000-0	+58822-3	0	9992
2	37854	101.7155	178.7401	0248677	051.0471	311.2604	14.80219557	031259
1	37854U	11061E	12148.86555909	+.00006697	+00000-0	+52716-3	0	9991
2	37854	101.7154	180.0161	0248295	048.6392	313.5870	14.80228326	031385
1	37854U	11061E	12149.06833519	.00006707	00000-0	52795-3	0	9999
2	37854	101.7154	180.3113	0248289	048.0586	314.1487	14.80231153	31414
1	37854U	11061E	12149.87944071	+.00005925	+00000-0	+46768-3	0	9998
2	37854	101.7156	181.4901	0248278	045.6767	316.4487	14.80237861	031535
1	37854U	11061E	12150.01462386	.00005956	00000-0	46999-3	0	9990
2	37854	101.7157	181.6875	0248283	045.2810	316.8314	14.80239612	31550
1	37854U	11061E	12150.96090504	+.00005290	+00000-0	+41899-3	0	9998
2	37854	101.7156	183.0627	0248071	042.6730	319.3445	14.80247160	031692
1	37854U	11061E	12151.09608722	.00005307	00000-0	42043-3	0	9991
2	37854	101.7157	183.2600	0248027	042.2940	319.7105	14.80248654	31715
1	37854U	11061E	12151.97476997	+.00004905	+00000-0	+38948-3	0	9997
2	37854	101.7155	184.5376	0247935	039.8083	322.1017	14.80255857	031841
1	37854U	11061E	12152.58308381	.00004963	00000-0	39403-3	0	9997
2	37854	101.7153	185.4222	0247835	038.0762	323.7665	14.80262451	31937
1	37854U	11061E	12152.85344604	+.00004792	+00000-0	+38093-3	0	9999
2	37854	101.7155	185.8160	0247807	037.2830	324.5294	14.80264238	031976
1	37854U	11061E	12153.86729555	.00004862	00000-0	38595-3	0	9998
2	37854	101.7160	187.2946	0247952	034.3010	327.3929	14.80274626	32125
1	37854U	11061E	12154.88113650	+.00004945	+00000-0	+39246-3	0	9990
2	37854	101.7155	188.7700	0247843	031.4151	330.1587	14.80285323	032270
1	37854U	11061E	12155.08390370	.00004964	00000-0	39388-3	0	9997
2	37854	101.7155	189.0651	0247852	030.8277	330.7212	14.80287516	32302
1	37854U	11061E	12155.89496880	+.00005218	+00000-0	+41321-3	0	9992
2	37854	101.7155	190.2477	0247943	028.4981	332.9525	14.80297149	032425
1	37854U	11061E	12156.57085049	.00005471	00000-0	43305-3	0	9994
2	37854	101.7159	191.2352	0247699	026.5533	334.8108	14.80305601	32524
1	37854U	11061E	12156.97637732	+.00005809	+00000-0	+45833-3	0	9993
2	37854	101.7157	191.8263	0248031	025.3368	335.9756	14.80312237	032583
1	37854U	11061E	12157.85501199	.00006400	00000-0	50341-3	0	9996
2	37854	101.7154	193.1083	0248099	022.7964	338.4028	14.80326242	32718
1	37854U	11061E	12158.86881027	.00006921	00000-0	54433-3	0	9993
2	37854	101.7151	194.5867	0247625	019.9236	341.1437	14.80342593	32862
1	37854U	11061E	12159.88260042	+.00007035	+00000-0	+55299-3	0	9992
2	37854	101.7152	196.0635	0247585	017.0274	343.9052	14.80357578	033019
1	37854U	11061E	12160.08535699	.00007072	00000-0	55585-3	0	9998
2	37854	101.7152	196.3589	0247555	016.4443	344.4606	14.80360668	33046
1	37854U	11061E	12160.89638269	+.00006817	+00000-0	+53547-3	0	9996
2	37854	101.7159	197.5406	0247807	014.0947	346.7003	14.80370824	033161
1	37854U	11061E	12161.09913754	.00006907	00000-0	54243-3	0	9998
2	37854	101.7160	197.8366	0247782	013.5021	347.2672	14.80374080	33199
1	37854U	11061E	12161.97774032	+.00006509	+00000-0	+51198-3	0	9993
2	37854	101.7161	199.1148	0247653	011.0159	349.6326	14.80384021	033328
1	37854U	11061E	12162.51841436	.00006499	00000-0	51129-3	0	9999
2	37854	101.7162	199.9029	0247582	009.4547	351.1180	14.80391106	33405
1	37854U	11061E	12162.78875120	+.00006157	+00000-0	+48534-3	0	9992
2	37854	101.7163	200.2963	0247422	008.7170	351.8125	14.80392712	033440
1	37854U	11061E	12163.53217512	.00006100	00000-0	48098-3	0	9994
2	37854	101.7165	201.3796	0247337	006.5968	353.8378	14.80401637	33555
1	37854U	11061E	12163.87009608	+.00005535	+00000-0	+43818-3	0	9992
2	37854	101.7164	201.8701	0246987	005.6103	354.7764	14.80402556	033602
1	37854U	11061E	12164.81626385	.00005352	00000-0	42426-3	0	9995
2	37854	101.7164	203.2481	0246838	002.9093	357.3467	14.80412246	33747
1	37854U	11061E	12164.95143028	+.00005356	+00000-0	+42452-3	0	9991
2	37854	101.7164	203.4449	0246832	002.5226	357.7159	14.80413747	033762
1	37854U	11061E	12165.83000757	.00005325	00000-0	42214-3	0	9992
2	37854	101.7165	204.7244	0246794	000.0310	000.0860	14.80423219	33890
1	37854U	11061E	12165.89759026	+.00005327	+00000-0	+42224-3	0	9991
2	37854	101.7165	204.8229	0246797	359.8360	000.2719	14.80423964	033901
1	37854U	11061E	12166.84374411	.00005274	00000-0	41795-3	0	9991
2	37854	101.7168	206.2016	0246857	357.1324	002.8451	14.80433974	34041
1	37854U	11061E	12166.97890827	+.00005283	+00000-0	+41862-3	0	9994
2	37854	101.7168	206.3984	0246862	356.7497	003.2088	14.80435492	034068
1	37854U	11061E	12167.85747274	.00005336	00000-0	42236-3	0	9994
2	37854	101.7161	207.6829	0246985	354.2069	005.6275	14.80444993	34191
1	37854U	11061E	12168.87119762	.00005024	00000-0	39825-3	0	9996
2	37854	101.7163	209.1590	0246987	351.3334	008.3632	14.80453803	34344
1	37854U	11061E	12170.08765836	.00004777	00000-0	37884-3	0	9998
2	37854	101.7160	210.9304	0247175	347.8389	011.6912	14.80464672	34528
1	37854U	11061E	12170.89862736	+.00004520	+00000-0	+35909-3	0	9996
2	37854	101.7154	212.1112	0247134	345.5343	013.8867	14.80471381	034643
1	37854U	11061E	12171.10136855	.00004605	00000-0	36564-3	0	9999
2	37854	101.7154	212.4066	0247108	344.9406	014.4546	14.80473632	34673
1	37854U	11061E	12171.91233282	+.00004222	+00000-0	+33618-3	0	9992
2	37854	101.7145	213.5873	0247086	342.6214	016.6645	14.80479701	034798
1	37854U	11061E	12172.31781298	.00004247	00000-0	33808-3	0	9990
2	37854	101.7145	214.1778	0247105	341.4639	017.7673	14.80483363	34858
1	37854U	11061E	12172.85845483	+.00003569	+00000-0	+28578-3	0	9990
2	37854	101.7142	214.9655	0247227	339.9275	019.2331	14.80485375	034932
1	37854U	11061E	12173.39909238	.00003772	00000-0	30122-3	0	9993
2	37854	101.7143	215.7532	0247329	338.3501	020.7381	14.80490324	35016
1	37854U	11061E	12173.80457112	+.00002928	+00000-0	+23660-3	0	9999
2	37854	101.7144	216.3459	0247119	337.1970	021.8325	14.80489656	035078
1	37854U	11061E	12174.41278936	.00002906	00000-0	23488-3	0	9996
2	37854	101.7144	217.2324	0247185	335.4303	023.5280	14.80493303	35166
1	37854U	11061E	12174.88584813	+.00002231	+00000-0	+18340-3	0	9993
2	37854	101.7141	217.9217	0246647	334.0415	024.8576	14.80492615	035237
1	37854U	11061E	12175.42648458	.00002338	00000-0	19156-3	0	9994
2	37854	101.7141	218.7092	0246752	332.4896	026.3422	14.80495786	35317
1	37854U	11061E	12175.89954270	+.00001857	+00000-0	+15478-3	0	9995
2	37854	101.7139	219.3984	0246410	331.1141	027.6597	14.80495439	035380
1	37854U	11061E	12176.84565730	.00001545	00000-0	13075-3	0	9995
2	37854	101.7136	220.7763	0246389	328.4127	030.2472	14.80497539	35527
1	37854U	11061E	12176.91323693	+.00001540	+00000-0	+13031-3	0	9990
2	37854	101.7135	220.8747	0246396	328.2197	030.4326	14.80497737	035533
1	37854U	11061E	12177.85935025	.00001450	00000-0	12312-3	0	9993
2	37854	101.7140	222.2543	0246932	325.5417	032.9971	14.80500468	35674
1	37854U	11061E	12178.80546126	+.00001372	+00000-0	+11715-3	0	9998
2	37854	101.7141	223.6322	0246872	322.8180	035.6113	14.80503102	035817
1	37854U	11061E	12179.07577889	.00001570	00000-0	13227-3	0	9998
2	37854	101.7141	224.0262	0247055	322.0642	036.3415	14.80505047	35851
1	37854U	11061E	12179.88673036	+.00001362	+00000-0	+11640-3	0	9994
2	37854	101.7142	225.2069	0246872	319.7424	038.5722	14.80506546	035970
1	37854U	11061E	12180.08946696	.00001533	00000-0	12950-3	0	9998
2	37854	101.7142	225.5030	0246898	319.1341	039.1588	14.80508023	36005
1	37854U	11061E	12180.90041710	+.00001461	+00000-0	+12399-3	0	9999
2	37854	101.7142	226.6835	0246879	316.8278	041.3799	14.80510370	036122
1	37854U	11061E	12181.10315374	.00001557	00000-0	13137-3	0	9999
2	37854	101.7142	226.9791	0246926	316.2376	041.9482	14.80511512	36159
1	37854U	11061E	12181.91410349	+.00001378	+00000-0	+11762-3	0	9999
2	37854	101.7138	228.1593	0246865	313.9245	044.1808	14.80513268	036279
1	37854U	11061E	12182.11684031	.00001443	00000-0	12263-3	0	9993
2	37854	101.7138	228.4546	0246911	313.3409	044.7447	14.80514259	36308
1	37854U	11061E	12182.86020991	+.00001338	+00000-0	+11457-3	0	9991
2	37854	101.7140	229.5374	0246825	311.2260	046.7892	14.80515949	036413
1	37854U	11061E	12183.67114532	.00001478	00000-0	12536-3	0	9990
2	37854	101.7143	230.7193	0246808	308.9207	049.0219	14.80519057	36530
1	37854U	11061E	12184.81998057	.00001936	00000-0	16039-3	0	9990
2	37854	101.7144	232.3946	0246995	305.5863	052.2532	14.80525964	36700
1	37854U	11061E	12184.88755941	+.00001938	+00000-0	+16059-3	0	9994
2	37854	101.7144	232.4930	0247004	305.3944	052.4405	14.80526262	036718
1	37854U	11061E	12185.90123581	+.00002276	+00000-0	+18664-3	0	9997
2	37854	101.7140	233.9697	0246873	302.5065	055.2492	14.80532664	036862
1	37854U	11061E	12186.84733159	+.00002486	+00000-0	+20275-3	0	9993
2	37854	101.7138	235.3477	0246843	299.8176	057.8689	14.80538594	037000
1	37854U	11061E	12187.86100506	+.00002262	+00000-0	+18553-3	0	9998
2	37854	101.7137	236.8234	0246815	296.9289	060.6876	14.80542766	037150
1	37854U	11061E	12188.87467630	.00002139	00000-0	17602-3	0	9991
2	37854	101.7131	238.2990	0246857	294.0268	063.5261	14.80547121	37308
1	37854U	11061E	12189.82076722	+.00002168	+00000-0	+17815-3	0	9993
2	37854	101.7133	239.6776	0246970	291.3436	066.1552	14.80551675	037446
1	37854U	11061E	12190.09107796	.00002347	00000-0	19180-3	0	9996
2	37854	101.7133	240.0724	0247078	290.5800	066.9055	14.80553817	37481
1	37854U	11061E	12190.90201190	+.00002156	+00000-0	+17720-3	0	9995
2	37854	101.7130	241.2524	0246969	288.2390	069.2075	14.80556774	037602
1	37854U	11061E	12191.10474438	.00002302	00000-0	18833-3	0	9994
2	37854	101.7129	241.5482	0247050	287.6521	069.7859	14.80558459	37637
1	37854U	11061E	12191.91567532	+.00002335	+00000-0	+19097-3	0	9990
2	37854	101.7124	242.7284	0246874	285.3202	072.0840	14.80562633	037758
1	37854U	11061E	12192.11840730	.00002432	00000-0	19839-3	0	9999
2	37854	101.7124	243.0241	0246918	284.7227	072.6738	14.80564114	37785
1	37854U	11061E	12192.86175782	+.00002619	+00000-0	+21285-3	0	9994
2	37854	101.7126	244.1073	0246755	282.5818	074.7885	14.80568891	037897
1	37854U	11061E	12193.13206642	.00002729	00000-0	22124-3	0	9990
2	37854	101.7125	244.5011	0246845	281.8103	075.5508	14.80571002	37935
1	37854U	11061E	12193.87541563	+.00002763	+00000-0	+22390-3	0	9998
2	37854	101.7127	245.5848	0246779	279.6939	077.6466	14.80575355	038048
1	37854U	11061E	12194.14572354	.00002868	00000-0	23186-3	0	9991
2	37854	101.7128	245.9794	0246853	278.9090	078.4253	14.80577412	38089
1	37854U	11061E	12194.88907124	+.00002711	+00000-0	+21981-3	0	9997
2	37854	101.7129	247.0619	0246828	276.7826	080.5344	14.80580957	038199
1	37854U	11061E	12195.56483904	.00002855	00000-0	23070-3	0	9998
2	37854	101.7129	248.0469	0246946	274.8422	082.4623	14.80585655	38297
1	37854U	11061E	12195.90272397	+.00002685	+00000-0	+21772-3	0	9996
2	37854	101.7130	248.5388	0246910	273.8709	083.4293	14.80586710	038345
1	37854U	11061E	12196.84879759	.00002608	00000-0	21168-3	0	9999
2	37854	101.7130	249.9169	0246963	271.1646	086.1240	14.80591724	38484
1	37854U	11061E	12197.86244978	.00002065	00000-0	17003-3	0	9991
2	37854	101.7133	251.3926	0246988	268.2799	089.0079	14.80594512	38635
1	37854U	11061E	12197.93002676	+.00002032	+00000-0	+16749-3	0	9996
2	37854	101.7132	251.4909	0246969	268.0819	089.2072	14.80594657	038642
1	37854U	11061E	12198.87609782	.00002266	00000-0	18552-3	0	9994
2	37854	101.7132	252.8693	0246856	265.3792	091.9168	14.80599724	38783
1	37854U	11061E	12199.88974163	.00002718	00000-0	22021-3	0	9992
2	37854	101.7135	254.3471	0246748	262.4561	094.8548	14.80606617	38930
1	37854U	11061E	12199.88974163	+.00002718	+00000-0	+22021-3	0	9992
2	37854	101.7135	254.3471	0246748	262.4561	094.8548	14.80606617	038930
1	37854U	11061E	12200.70065492	+.00002829	+00000-0	+22845-3	0	9999
2	37854	101.7138	255.5296	0246996	260.1729	097.1505	14.80611720	039051
1	37854U	11061E	12201.10611118	.00003014	00000-0	24256-3	0	9991
2	37854	101.7140	256.1211	0247047	259.0071	098.3286	14.80614586	39112
1	37854U	11061E	12201.84944470	+.00002778	+00000-0	+22471-3	0	9995
2	37854	101.7104	257.2007	0246774	256.6686	100.6849	14.80618884	039227
1	37854U	11061E	12202.45762976	.00002609	00000-0	21167-3	0	9996
2	37854	101.7109	258.0866	0246883	254.9495	102.4270	14.80621013	39310
1	37854U	11061E	12202.93066285	+.00002361	+00000-0	+19261-3	0	9996
2	37854	101.7099	258.7747	0246873	253.6295	103.7628	14.80621806	039384
1	37854U	11061E	12203.87672768	.00001868	00000-0	15478-3	0	9996
2	37854	101.7103	260.1521	0247000	250.9504	106.4781	14.80623213	39523
1	37854U	11061E	12204.82279171	+.00001546	+00000-0	+13003-3	0	9998
2	37854	101.7110	261.5304	0247005	248.3679	109.1010	14.80624964	039668
1	37854U	11061E	12205.09309573	.00001538	00000-0	12946-3	0	9994
2	37854	101.7110	261.9240	0247005	247.5949	109.8912	14.80625836	39704
1	37854U	11061E	12205.83643197	+.00001067	+00000-0	+93383-4	0	9991
2	37854	101.7110	263.0075	0247001	245.4508	112.0696	14.80625346	039810
1	37854U	11061E	12206.10673691	.00001034	00000-0	90866-4	0	9991
2	37854	101.7110	263.4022	0246985	244.6839	112.8583	14.80625784	39857
1	37854U	11061E	12206.78249791	+.00000730	+00000-0	+67506-4	0	9992
2	37854	101.7114	264.3880	0247117	242.7864	114.7944	14.80625477	039950
1	37854U	11061E	12207.12037811	.00000770	00000-0	70502-4	0	9993
2	37854	101.7114	264.8803	0247184	241.8221	115.7842	14.80626309	40002
1	37854U	11061E	12207.79613690	+.00000858	+00000-0	+77268-4	0	9994
2	37854	101.7115	265.8647	0247144	239.9262	117.7235	14.80628084	040100
1	37854U	11061E	12208.13401489	.00001073	00000-0	93749-4	0	9996
2	37854	101.7115	266.3569	0247141	239.0240	118.6471	14.80630096	40156
1	37854U	11061E	12208.87734842	+.00001193	+00000-0	+10298-3	0	9999
2	37854	101.7116	267.4397	0247033	236.9147	120.8111	14.80632695	040265
1	37854U	11061E	12209.14765148	.00001238	00000-0	10636-3	0	9999
2	37854	101.7116	267.8333	0247024	236.1585	121.5882	14.80633695	40306
1	37854U	11061E	12209.89098559	+.00001133	+00000-0	+98344-4	0	9993
2	37854	101.7117	268.9168	0247077	234.0185	123.7879	14.80635027	040419
1	37854U	11061E	12210.16128823	.00001217	00000-0	10477-3	0	9996
2	37854	101.7118	269.3107	0247082	233.2696	124.5595	14.80636229	40455
1	37854U	11061E	12210.83704512	+.00001245	+00000-0	+10694-3	0	9997
2	37854	101.7126	270.2959	0246966	231.3609	126.5242	14.80638197	040551
1	37854U	11061E	12211.85067900	.00001414	00000-0	11984-3	0	9994
2	37854	101.7119	271.7723	0246954	228.4834	129.4944	14.80642242	40706
1	37854U	11061E	12211.91825456	+.00001427	+00000-0	+12088-3	0	9999
2	37854	101.7120	271.8707	0246957	228.2964	129.6877	14.80642539	040713
1	37854U	11061E	12212.72915774	+.00001921	+00000-0	+15855-3	0	9996
2	37854	101.7117	273.0499	0247050	225.9112	132.1520	14.80648279	040839
1	37854U	11061E	12213.13460700	.00002410	00000-0	19574-3	0	9992
2	37854	101.7118	273.6403	0247311	224.7523	133.3548	14.80652902	40891
1	37854U	11061E	12213.87792874	+.00002916	+00000-0	+23448-3	0	9999
2	37854	101.7117	274.7219	0247219	222.5781	135.6018	14.80660050	041000
1	37854U	11061E	12214.14822750	.00002982	00000-0	23942-3	0	9999
2	37854	101.7115	275.1155	0247333	221.8082	136.3990	14.80662117	41042
1	37854U	11061E	12214.89154877	+.00003204	+00000-0	+25643-3	0	9997
2	37854	101.7114	276.1984	0247238	219.6684	138.6203	14.80668086	041154
1	37854U	11061E	12215.16184591	.00003291	00000-0	26277-3	0	9994
2	37854	101.7115	276.5923	0247454	218.9005	139.4163	14.80670397	41197
1	37854U	11061E	12215.83759028	+.00003363	+00000-0	+26840-3	0	9997
2	37854	101.7122	277.5783	0247324	216.9941	141.3989	14.80675338	041292
1	37854U	11061E	12216.85120269	.00003507	00000-0	27951-3	0	9993
2	37854	101.7117	279.0547	0247157	214.1114	144.3985	14.80683334	41448
1	37854U	11061E	12216.91877680	+.00003519	+00000-0	+28040-3	0	9999
2	37854	101.7116	279.1531	0247162	213.9236	144.5950	14.80683898	041459
1	37854U	11061E	12217.86480792	.00003929	00000-0	31152-3	0	9991
2	37854	101.7111	280.5321	0247220	211.2311	147.4007	14.80693323	41591
1	37854U	11061E	12217.93238140	+.00003947	+00000-0	+31291-3	0	9991
2	37854	101.7109	280.6305	0247233	211.0449	147.5948	14.80693973	041603
1	37854U	11061E	12218.87840709	.00004361	00000-0	34453-3	0	9999
2	37854	101.7106	282.0088	0247157	208.3431	150.4140	14.80704155	41746
1	37854U	11061E	12219.89199963	+.00004719	+00000-0	+37178-3	0	9995
2	37854	101.7104	283.4857	0247078	205.4576	153.4284	14.80715438	041897
1	37854U	11061E	12220.16228969	.00004787	00000-0	37694-3	0	9994
2	37854	101.7105	283.8794	0247093	204.7029	154.2171	14.80718462	41933
1	37854U	11061E	12220.90558599	+.00004882	+00000-0	+38398-3	0	9999
2	37854	101.7102	284.9624	0247171	202.5298	156.4897	14.80726206	042042
1	37854U	11061E	12221.17587462	.00004950	00000-0	38902-3	0	9997
2	37854	101.7102	285.3564	0247237	201.7754	157.2813	14.80729257	42081
1	37854U	11061E	12221.91916653	+.00004969	+00000-0	+39064-3	0	9997
2	37854	101.7101	286.4400	0247057	199.6519	159.5031	14.80736780	042193
1	37854U	11061E	12222.86516696	.00005162	00000-0	40483-3	0	9998
2	37854	101.7099	287.8187	0247306	196.9647	162.3176	14.80747547	42336
1	37854U	11061E	12222.93273827	+.00005161	+00000-0	+40471-3	0	9998
2	37854	101.7100	287.9171	0247297	196.7725	162.5187	14.80748257	042341
1	37854U	11061E	12223.87873095	.00005308	00000-0	41474-3	0	9992
2	37854	101.7103	289.2972	0247899	194.0768	165.3430	14.80759019	42489
1	37854U	11061E	12224.89229023	+.00005290	+00000-0	+41340-3	0	9993
2	37854	101.7103	290.7734	0247793	191.1956	168.3657	14.80770096	042631
1	37854U	11061E	12225.16257137	.00005343	00000-0	41735-3	0	9998
2	37854	101.7102	291.1672	0247792	190.4315	169.1688	14.80773290	42672
1	37854U	11061E	12225.90584365	+.00005071	+00000-0	+39687-3	0	9997
2	37854	101.7104	292.2492	0247662	188.3331	171.3707	14.80779956	042780
1	37854U	11061E	12226.64911091	.00005054	00000-0	39546-3	0	9994
2	37854	101.7105	293.3326	0247647	186.2308	173.5772	14.80787574	42896
1	37854U	11061E	12227.86536213	.00004471	00000-0	35122-3	0	9996
2	37854	101.7107	295.1030	0247536	182.7388	177.2375	14.80796739	43070
1	37854U	11061E	12228.87890211	.00003979	00000-0	31359-3	0	9999
2	37854	101.7112	296.5808	0247676	179.8903	180.2388	14.80802906	43228
1	37854U	11061E	12229.89243260	+.00004023	+00000-0	+31670-3	0	9995
2	37854	101.7116	298.0580	0247754	176.9987	183.2763	14.80811403	043371
1	37854U	11061E	12230.16270617	.00004113	00000-0	32357-3	0	9996
2	37854	101.7115	298.4519	0247692	176.2364	184.0776	14.80814136	43413
1	37854U	11061E	12230.90595725	+.00004077	+00000-0	+32090-3	0	9991
2	37854	101.7114	299.5343	0247627	174.1041	186.3164	14.80820276	043526
1	37854U	11061E	12231.17622891	.00004202	00000-0	33057-3	0	9990
2	37854	101.7113	299.9277	0247498	173.3460	187.1128	14.80823314	43566
1	37854U	11061E	12231.91947829	+.00003747	+00000-0	+29644-3	0	9993
2	37854	101.7121	301.0107	0247099	171.2390	189.3237	14.80827148	043674
1	37854U	11061E	12232.18974899	.00003803	00000-0	30071-3	0	9999
2	37854	101.7121	301.4048	0247064	170.4782	190.1230	14.80829528	43712
1	37854U	11061E	12232.86542584	+.00003446	+00000-0	+27358-3	0	9993
2	37854	101.7122	302.3883	0247009	168.5568	192.1352	14.80832887	043819
1	37854U	11061E	12233.20326424	.00003566	00000-0	28261-3	0	9992
2	37854	101.7103	302.8850	0247061	167.5765	193.1681	14.80835133	43861
1	37854U	11061E	12233.87893701	+.00003516	+00000-0	+27875-3	0	9997
2	37854	101.7102	303.8688	0247067	165.6490	195.1875	14.80839802	043965
1	37854U	11061E	12234.48703981	.00003664	00000-0	28991-3	0	9999
2	37854	101.7105	304.7550	0247131	163.9195	197.0048	14.80845242	44050
1	37854U	11061E	12234.89244079	+.00003620	+00000-0	+28663-3	0	9990
2	37854	101.7104	305.3452	0247062	162.7671	198.2102	14.80848047	044113
1	37854U	11061E	12235.83837108	.00003792	00000-0	29948-3	0	9993
2	37854	101.7102	306.7230	0247125	160.0986	201.0064	14.80856375	44258
1	37854U	11061E	12235.90593738	+.00003818	+00000-0	+30152-3	0	9997
2	37854	101.7103	306.8214	0247095	159.9049	201.2096	14.80857057	044261
1	37854U	11061E	12236.85186206	+.00004022	+00000-0	+31707-3	0	9995
2	37854	101.7102	308.1987	0246994	157.1999	204.0415	14.80865858	044403
1	37854U	11061E	12237.86534450	.00004189	00000-0	32984-3	0	9997
2	37854	101.7105	309.6759	0246856	154.3102	207.0589	14.80875604	44552
1	37854U	11061E	12237.93291017	+.00004179	+00000-0	+32908-3	0	9999
2	37854	101.7105	309.7743	0246863	154.1149	207.2640	14.80876129	044567
1	37854U	11061E	12238.87882195	+.00004296	+00000-0	+33802-3	0	9990
2	37854	101.7103	311.1517	0246761	151.4033	210.0960	14.80885109	044701
1	37854U	11061E	12239.89228840	+.00004816	+00000-0	+37774-3	0	9994
2	37854	101.7111	312.6290	0246578	148.4941	213.1292	14.80897511	044852
1	37854U	11061E	12239.89228843	.00004842	00000-0	37975-3	0	9999
2	37854	101.7114	312.6286	0246552	148.4922	213.1314	14.80897666	44857
1	37854U	11061E	12240.90574617	+.00005292	+00000-0	+41388-3	0	9999
2	37854	101.7108	314.1042	0246531	145.6065	216.1391	14.80910705	045007
1	37854U	11061E	12241.17599974	.00005406	00000-0	42267-3	0	9996
2	37854	101.7107	314.4976	0246422	144.8293	216.9459	14.80914307	45047
1	37854U	11061E	12241.91919234	+.00005898	+00000-0	+45975-3	0	9997
2	37854	101.7107	315.5794	0246517	142.7006	219.1603	14.80925639	045159
1	37854U	11061E	12242.18944276	.00006005	00000-0	46790-3	0	9998
2	37854	101.7108	315.9731	0246492	141.9446	219.9452	14.80929511	45193
1	37854U	11061E	12242.93262894	+.00006183	+00000-0	+48105-3	0	9999
2	37854	101.7114	317.0564	0246628	139.8203	222.1527	14.80939734	045305
1	37854U	11061E	12243.40556253	.00006291	00000-0	48946-3	0	9990
2	37854	101.7116	317.7456	0246488	138.4783	223.5436	14.80946368	45378
1	37854U	11061E	12243.87849424	+.00006359	+00000-0	+49484-3	0	9999
2	37854	101.7115	318.4346	0246327	137.1032	224.9667	14.80952914	045441
1	37854U	11061E	12244.48654561	.00006506	00000-0	50625-3	0	9996
2	37854	101.7114	319.3204	0246154	135.3723	226.7594	14.80961729	45531
1	37854U	11061E	12244.89191137	+.00006482	+00000-0	+50431-3	0	9994
2	37854	101.7114	319.9108	0246171	134.2176	227.9528	14.80966965	045592
1	37854U	11061E	12245.49995439	.00006845	00000-0	53175-3	0	9999
2	37854	101.7117	320.7975	0246169	132.5110	229.7188	14.80977159	45682
1	37854U	11061E	12245.90531506	+.00006870	+00000-0	+53341-3	0	9999
2	37854	101.7115	321.3880	0246221	131.3648	230.9014	14.80982948	045745
1	37854U	11061E	12246.51335106	.00007324	00000-0	56802-3	0	9995
2	37854	101.7113	322.2741	0246104	129.5759	232.7463	14.80994167	45835
1	37854U	11061E	12246.91870608	+.00007635	+00000-0	+59194-3	0	9992
2	37854	101.7113	322.8650	0245941	128.4018	233.9596	14.81001983	045896
1	37854U	11061E	12247.93207555	+.00009147	+00000-0	+70589-3	0	9991
2	37854	101.7104	324.3414	0246091	125.4533	236.9922	14.81027101	046041
1	37854U	11061E	12248.47253536	.00009567	00000-0	73768-3	0	9999
2	37854	101.7105	325.1292	0246050	123.9029	238.5892	14.81039357	46122
1	37854U	11061E	12248.94542944	+.00010121	+00000-0	+77763-3	0	9992
2	37854	101.7101	325.8181	0246585	122.7253	239.8002	14.81051463	046197
1	37854U	11061E	12249.14809816	.00010437	00000-0	80172-3	0	9997
2	37854	101.7102	326.1138	0246482	122.1811	240.3635	14.81057270	46229
1	37854U	11061E	12249.89120884	+.00011317	+00000-0	+86829-3	0	9993
2	37854	101.7097	327.1966	0246349	119.9993	242.5972	14.81078291	046335
1	37854U	11061E	12250.16142764	.00011577	00000-0	88849-3	0	9998
2	37854	101.7099	327.5904	0246159	119.1840	243.4250	14.81085938	46374
1	37854U	11061E	12250.90452576	+.00011838	+00000-0	+90727-3	0	9993
2	37854	101.7097	328.6730	0246289	117.0709	245.5842	14.81104924	046485
1	37854U	11061E	12251.17474159	.00011863	00000-0	90913-3	0	9999
2	37854	101.7097	329.0667	0246240	116.2973	246.3749	14.81111508	46526
1	37854U	11061E	12251.91782986	+.00011476	+00000-0	+87867-3	0	9995
2	37854	101.7098	330.1489	0246458	114.1966	248.5130	14.81127018	046635
1	37854U	11061E	12252.18804295	.00011439	00000-0	87557-3	0	9998
2	37854	101.7096	330.5428	0246505	113.4433	249.2890	14.81133000	46677
1	37854U	11061E	12252.93112172	+.00010697	+00000-0	+81933-3	0	9994
2	37854	101.7100	331.6248	0246459	111.3745	251.3906	14.81145951	046788
1	37854U	11061E	12253.94440095	+.00009782	+00000-0	+75154-3	0	9995
2	37854	101.7106	333.1008	0245946	108.4296	254.3785	14.81162580	046935
1	37854U	11061E	12254.68746636	.00008874	00000-0	68413-3	0	9998
2	37854	101.7112	334.1823	0245454	106.2432	256.5920	14.81172376	47042
1	37854U	11061E	12254.89011822	+.00008555	+00000-0	+65915-3	0	9993
2	37854	101.7112	334.4770	0245718	105.7622	257.0753	14.81174236	047074
1	37854U	11061E	12255.49807607	.00007837	00000-0	60436-3	0	9999
2	37854	101.7121	335.3628	0245840	104.0779	258.7831	14.81180631	47168
1	37854U	11061E	12255.90338291	+.00006958	+00000-0	+53701-3	0	9993
2	37854	101.7122	335.9515	0246185	102.9611	259.9184	14.81182323	047226
1	37854U	11061E	12256.17358358	.00006778	00000-0	52329-3	0	9994
2	37854	101.7122	336.3455	0246241	102.1937	260.6899	14.81185134	47269
1	37854U	11061E	12256.91663524	+.00005775	+00000-0	+44785-3	0	9993
2	37854	101.7128	337.4275	0246036	100.0961	262.7948	14.81189685	047378
1	37854U	11061E	12257.18683678	.00005716	00000-0	44333-3	0	9999
2	37854	101.7130	337.8226	0246040	099.3235	263.5864	14.81192413	47414
1	37854U	11061E	12257.92988257	+.00005038	+00000-0	+39265-3	0	9997
2	37854	101.7130	338.9045	0245670	097.2244	265.6916	14.81197363	047522
1	37854U	11061E	12258.20008027	.00004998	00000-0	38955-3	0	9996
2	37854	101.7131	339.2985	0245680	096.4547	266.4683	14.81199914	47566
1	37854U	11061E	12258.94312089	+.00004559	+00000-0	+35624-3	0	9996
2	37854	101.7134	340.3812	0245702	094.3629	268.5659	14.81205011	047678
1	37854U	11061E	12259.21331689	.00004494	00000-0	35124-3	0	9997
2	37854	101.7136	340.7754	0245709	093.5885	269.3445	14.81207146	47719
1	37854U	11061E	12259.88880392	+.00004260	+00000-0	+33368-3	0	9999
2	37854	101.7135	341.7593	0245576	091.5780	271.3532	14.81212205	047817
1	37854U	11061E	12260.49673921	.00004213	00000-0	33013-3	0	9991
2	37854	101.7135	342.6456	0245542	089.8466	273.0855	14.81217264	47906
1	37854U	11061E	12260.90202842	+.00003991	+00000-0	+31319-3	0	9996
2	37854	101.7133	343.2357	0245616	088.6636	274.2625	14.81219615	047965
1	37854U	11061E	12261.78015143	.00003972	00000-0	31173-3	0	9996
2	37854	101.7131	344.5155	0245582	086.1300	276.7935	14.81226785	48098
1	37854U	11061E	12262.72581400	+.00004036	+00000-0	+31675-3	0	9994
2	37854	101.7130	345.8946	0245445	083.3634	279.5404	14.81235050	048239
1	37854U	11061E	12263.19864272	.00004194	00000-0	32879-3	0	9999
2	37854	101.7131	346.5852	0245313	082.0257	280.8706	14.81239697	48304
1	37854U	11061E	12263.80656351	+.00004177	+00000-0	+32753-3	0	9996
2	37854	101.7129	347.4709	0245291	080.2923	282.5886	14.81244898	048393
1	37854U	11061E	12264.21184203	.00004255	00000-0	33343-3	0	9997
2	37854	101.7127	348.0618	0245280	079.1607	283.7093	14.81248756	48458
1	37854U	11061E	12264.81975803	+.00004358	+00000-0	+34108-3	0	9991
2	37854	101.7125	348.9476	0245356	077.4529	285.4016	14.81254660	048540
1	37854U	11061E	12265.22503239	.00004603	00000-0	35963-3	0	9990
2	37854	101.7121	349.5383	0245320	076.3242	286.5179	14.81259668	48603
1	37854U	11061E	12265.90048735	+.00004755	+00000-0	+37079-3	0	9998
2	37854	101.7104	350.5204	0245454	074.4440	288.3717	14.81267088	048709
1	37854U	11061E	12266.23821354	.00004898	00000-0	38196-3	0	9990
2	37854	101.7102	351.0130	0245231	073.4939	289.3096	14.81271136	48751
1	37854U	11061E	12266.91366194	+.00005129	+00000-0	+39929-3	0	9994
2	37854	101.7102	351.9979	0245282	071.5962	291.1749	14.81279162	048856
1	37854U	11061E	12267.85928245	.00005457	00000-0	42402-3	0	9993
2	37854	101.7090	353.3747	0245241	068.8938	293.8283	14.81291455	48994
1	37854U	11061E	12267.92682670	+.00005462	+00000-0	+42437-3	0	9994
2	37854	101.7087	353.4727	0245265	068.7132	294.0065	14.81292257	049005
1	37854U	11061E	12268.87243807	.00005576	00000-0	43383-3	0	9991
2	37854	101.7085	354.8512	0244739	065.9639	296.6955	14.81303839	49146
1	37854U	11061E	12268.93998176	+.00005570	+00000-0	+43335-3	0	9995
2	37854	101.7083	354.9494	0244749	065.7753	296.8810	14.81304586	049153
1	37854U	11061E	12269.88558583	.00005624	00000-0	43741-3	0	9995
2	37854	101.7082	356.3276	0244686	063.0718	299.5246	14.81315788	49292
1	37854U	11061E	12270.89872394	+.00005796	+00000-0	+45026-3	0	9995
2	37854	101.7076	357.8032	0244701	060.1861	302.3428	14.81328491	049443
1	37854U	11061E	12271.23643383	.00005925	00000-0	46030-3	0	9998
2	37854	101.7076	358.2957	0244533	059.2105	303.2939	14.81333195	49496
1	37854U	11061E	12271.91184944	+.00006381	+00000-0	+49439-3	0	9999
2	37854	101.7072	359.2810	0244677	057.2957	305.1590	14.81343737	049591
1	37854U	11061E	12272.85742242	.00006891	00000-0	53287-3	0	9996
2	37854	101.7066	000.6595	0244623	054.5477	307.8297	14.81359024	49734
1	37854U	11061E	12272.92496301	+.00006942	+00000-0	+53670-3	0	9999
2	37854	101.7065	000.7579	0244627	054.3537	308.0188	14.81360234	049743
1	37854U	11061E	12273.87052431	.00007154	00000-0	55339-3	0	9996
2	37854	101.7066	002.1365	0244269	051.6508	310.6361	14.81375014	49882
1	37854U	11061E	12273.93806436	+.00007162	+00000-0	+55398-3	0	9999
2	37854	101.7063	002.2347	0244280	051.4666	310.8157	14.81376046	049898
1	37854U	11061E	12274.88361744	+.00007104	+00000-0	+54960-3	0	9992
2	37854	101.7064	003.6129	0244189	048.7130	313.4807	14.81389696	050039
1	37854U	11061E	12275.22131278	.00007147	00000-0	55277-3	0	9997
2	37854	101.7064	004.1051	0244172	047.7356	314.4272	14.81394785	50087
1	37854U	11061E	12275.89669856	+.00007464	+00000-0	+57643-3	0	9999
2	37854	101.7062	005.0900	0244238	045.8160	316.2836	14.81405979	050188
1	37854U	11061E	12276.23438857	.00007656	00000-0	59155-3	0	9996
2	37854	101.7062	005.5822	0243979	044.8376	317.2280	14.81411935	50234
1	37854U	11061E	12276.90976521	+.00008083	+00000-0	+62339-3	0	9998
2	37854	101.7060	006.5666	0244102	042.9297	319.0672	14.81424116	050330
1	37854U	11061E	12277.85528557	.00007216	00000-0	55769-3	0	9991
2	37854	101.7067	007.9467	0244038	040.2124	321.6791	14.81436497	50470
1	37854U	11061E	12277.92282352	+.00007050	+00000-0	+54520-3	0	9999
2	37854	101.7067	008.0450	0243991	040.0374	321.8517	14.81436894	050486
1	37854U	11061E	12278.86833767	.00005509	00000-0	42921-3	0	9994
2	37854	101.7072	009.4234	0243575	037.3976	324.3868	14.81444237	50625
1	37854U	11061E	12278.93587473	+.00005376	+00000-0	+41921-3	0	9993
2	37854	101.7071	009.5218	0243541	037.2174	324.5616	14.81444471	050633
1	37854U	11061E	12279.88138386	.00004286	00000-0	33699-3	0	9995
2	37854	101.7072	010.8998	0243170	034.5156	327.1536	14.81450053	50770
1	37854U	11061E	12280.89442655	+.00003513	+00000-0	+27808-3	0	9992
2	37854	101.7071	012.3750	0243262	031.6155	329.9373	14.81455367	050920
1	37854U	11061E	12281.23210642	.00003491	00000-0	27633-3	0	9991
2	37854	101.7069	012.8669	0243332	030.6487	330.8671	14.81457727	50975
1	37854U	11061E	12281.90746396	+.00003210	+00000-0	+25480-3	0	9992
2	37854	101.7068	013.8504	0243491	028.6739	332.7588	14.81461458	051072
1	37854U	11061E	12282.24514168	.00003251	00000-0	25786-3	0	9994
2	37854	101.7069	014.3427	0243499	027.7033	333.6902	14.81463888	51123
1	37854U	11061E	12282.92049552	+.00003148	+00000-0	+24977-3	0	9995
2	37854	101.7068	015.3270	0243741	025.7325	335.5763	14.81468174	051221
1	37854U	11061E	12283.86598355	.00003983	00000-0	31293-3	0	9995
2	37854	101.7067	016.7071	0243776	023.0443	338.1486	14.81477675	51366
1	37854U	11061E	12283.93351804	+.00004062	+00000-0	+31893-3	0	9994
2	37854	101.7068	016.8058	0243763	022.8441	338.3402	14.81478502	051375
1	37854U	11061E	12284.87899555	.00005251	00000-0	40895-3	0	9991
2	37854	101.7061	018.1842	0243711	020.1868	340.8757	14.81491821	51517
1	37854U	11061E	12284.94652981	+.00005241	+00000-0	+40808-3	0	9992
2	37854	101.7061	018.2825	0243746	019.9923	341.0622	14.81492548	051527
1	37854U	11061E	12285.89200223	+.00004862	+00000-0	+37946-3	0	9992
2	37854	101.7058	019.6595	0243679	017.2543	343.6740	14.81502415	051665
1	37854U	11061E	12286.22966986	.00005121	00000-0	39890-3	0	9994
2	37854	101.7059	020.1521	0243745	016.2827	344.6035	14.81506453	51710
1	37854U	11061E	12286.90500401	+.00003777	+00000-0	+29777-3	0	9993
2	37854	101.7061	021.1360	0243297	014.3724	346.4225	14.81508369	051812
1	37854U	11061E	12287.24267006	.00003864	00000-0	30434-3	0	9991
2	37854	101.7062	021.6281	0243285	013.4063	347.3449	14.81511313	51869
1	37854U	11061E	12287.91800092	+.00003652	+00000-0	+28809-3	0	9991
2	37854	101.7069	022.6137	0243371	011.4598	349.2003	14.81515648	051967
1	37854U	11061E	12288.25566515	.00003875	00000-0	30515-3	0	9992
2	37854	101.7070	023.1063	0243236	010.4777	350.1413	14.81519081	52019
1	37854U	11061E	12288.93098882	+.00004540	+00000-0	+35535-3	0	9991
2	37854	101.7070	024.0920	0243323	008.5379	351.9890	14.81527537	052118
1	37854U	11061E	12289.87643380	.00005356	00000-0	41660-3	0	9996
2	37854	101.7071	025.4716	0243575	005.8076	354.5852	14.81540911	52253
1	37854U	11061E	12290.88940270	+.00005689	+00000-0	+44262-3	0	9997
2	37854	101.7070	026.9484	0243057	002.9272	357.3268	14.81553973	052402
1	37854U	11061E	12291.22705753	.00005948	00000-0	46235-3	0	9991
2	37854	101.7071	027.4418	0242994	001.9596	358.2515	14.81558963	52457
1	37854U	11061E	12291.90236505	+.00005681	+00000-0	+44208-3	0	9992
2	37854	101.7069	028.4251	0242955	000.0121	000.1022	14.81565998	052554
1	37854U	11061E	12292.24001826	.00005704	00000-0	44376-3	0	9998
2	37854	101.7069	028.9172	0242973	359.0394	001.0324	14.81570024	52607
1	37854U	11061E	12292.91532081	+.00005560	+00000-0	+43258-3	0	9992
2	37854	101.7067	029.9007	0243053	357.0987	002.8778	14.81577326	052704
1	37854U	11061E	12293.25297055	.00005642	00000-0	43879-3	0	9999
2	37854	101.7066	030.3931	0243040	356.1212	003.8098	14.81581552	52759
1	37854U	11061E	12294.26591627	.00005467	00000-0	42557-3	0	9990
2	37854	101.7065	031.8690	0242964	353.2260	006.5685	14.81592222	52906
1	37854U	11061E	12294.94120910	+.00005376	+00000-0	+41848-3	0	9999
2	37854	101.7066	032.8535	0243003	351.3101	008.3922	14.81599335	053002
1	37854U	11061E	12295.27885402	.00005487	00000-0	42697-3	0	9996
2	37854	101.7067	033.3462	0242953	350.3304	009.3290	14.81603587	53054
1	37854U	11061E	12295.88661247	+.00005472	+00000-0	+42552-3	0	9996
2	37854	101.7069	034.2325	0243095	348.5907	010.9832	14.81610362	053149
1	37854U	11061E	12296.49436622	.00005769	00000-0	44820-3	0	9990
2	37854	101.7068	035.1195	0242917	346.7978	012.6935	14.81618758	53233
1	37854U	11061E	12296.89953520	+.00005723	+00000-0	+44469-3	0	9994
2	37854	101.7065	035.7096	0242924	345.6388	013.7984	14.81623367	053291
1	37854U	11061E	12297.84492292	.00005946	00000-0	46100-3	0	9995
2	37854	101.7063	037.0881	0243123	342.9206	016.3909	14.81635884	53436
1	37854U	11061E	12297.91245047	+.00005893	+00000-0	+45711-3	0	9995
2	37854	101.7060	037.1861	0243045	342.7330	016.5694	14.81636439	053442
1	37854U	11061E	12298.85783059	.00006009	00000-0	46580-3	0	9994
2	37854	101.7063	038.5647	0243022	340.0216	019.1583	14.81648564	53584
1	37854U	11061E	12298.92535767	+.00006018	+00000-0	+46651-3	0	9992
2	37854	101.7061	038.6630	0243003	339.8310	019.3415	14.81649449	053595
1	37854U	11061E	12299.87073008	.00006031	00000-0	46733-3	0	9998
2	37854	101.7062	040.0413	0242994	337.1178	021.9323	14.81661249	53738
1	37854U	11061E	12299.93825673	+.00005993	+00000-0	+46454-3	0	9994
2	37854	101.7061	040.1395	0242967	336.9262	022.1158	14.81661891	053741
1	37854U	11061E	12300.88362264	.00005860	00000-0	45450-3	0	9991
2	37854	101.7062	041.5174	0242891	334.2175	024.7052	14.81672804	53884
1	37854U	11061E	12302.23413509	.00005795	00000-0	44947-3	0	9998
2	37854	101.7060	043.4864	0242854	330.3229	028.4386	14.81688383	54088
1	37854U	11061E	12303.24701133	.00005532	00000-0	42963-3	0	9998
2	37854	101.7057	044.9620	0242763	327.4015	031.2393	14.81698779	54236
1	37854U	11061E	12304.25988293	.00005065	00000-0	39442-3	0	9993
2	37854	101.7058	046.4380	0242663	324.4880	034.0372	14.81707384	54380
1	37854U	11061E	12305.27275086	.00004462	00000-0	34901-3	0	9990
2	37854	101.7058	047.9135	0242533	321.5804	036.8329	14.81714188	54533
1	37854U	11061E	12306.28561631	.00003842	00000-0	30147-3	0	9995
2	37854	101.7064	049.3910	0242993	318.6800	039.6225	14.81719583	54686
1	37854U	11061E	12307.29847717	.00003498	00000-0	27563-3	0	9994
2	37854	101.7062	050.8670	0242885	315.7559	042.4459	14.81725409	54835
1	37854U	11061E	12308.85151624	.00003928	00000-0	30795-3	0	9991
2	37854	101.7065	053.1339	0242893	311.3162	046.7358	14.81739324	55069
1	37854U	11061E	12309.86436198	.00004023	00000-0	31487-3	0	9991
2	37854	101.7068	054.6126	0243050	308.4172	049.5426	14.81748138	55213
1	37854U	11061E	12310.87720568	.00003692	00000-0	28971-3	0	9996
2	37854	101.7068	056.0889	0243163	305.5060	052.3661	14.81754602	55366
1	37854U	11061E	12311.89004718	.00003207	00000-0	25335-3	0	9994
2	37854	101.7065	057.5640	0242956	302.5715	055.2199	14.81759381	55511
1	37854U	11061E	12312.90288627	.00002988	00000-0	23682-3	0	9998
2	37854	101.7069	059.0413	0242952	299.6849	058.0358	14.81764674	55665
1	37854U	11061E	12314.25333088	.00003162	00000-0	24981-3	0	9998
2	37854	101.7067	061.0118	0243051	295.8030	061.8303	14.81773822	55868
1	37854U	11061E	12315.26615769	.00003534	00000-0	27785-3	0	9997
2	37854	101.7072	062.4927	0242977	292.8847	064.6875	14.81782202	56011
1	37854U	11061E	12316.27898176	.00003660	00000-0	28718-3	0	9991
2	37854	101.7072	063.9700	0243068	290.0272	067.4910	14.81790405	56161
1	37854U	11061E	12317.29180174	.00003701	00000-0	29011-3	0	9999
2	37854	101.7071	065.4469	0243096	287.1317	070.3396	14.81798302	56319
1	37854U	11061E	12318.30461692	.00003886	00000-0	30396-3	0	9991
2	37854	101.7071	066.9245	0243122	284.2379	073.1957	14.81807115	56466
1	37854U	11061E	12319.85758251	.00005235	00000-0	40502-3	0	9992
2	37854	101.7073	069.1939	0243195	279.9196	077.4669	14.81827911	56699
1	37854U	11061E	12320.73533222	.00006273	00000-0	48178-3	0	9990
2	37854	101.7067	070.4762	0243683	277.3735	079.9873	14.81843800	56828
1	37854U	11061E	12321.54555401	.00007796	00000-0	59701-3	0	9998
2	37854	101.7062	071.6603	0243115	275.0749	082.2811	14.81863283	56949
1	37854U	11061E	12322.55832138	.00008666	00000-0	66239-3	0	9996
2	37854	101.7060	073.1387	0242939	272.2043	085.1364	14.81884729	57092
1	37854U	11061E	12323.90866609	.00008644	00000-0	66012-3	0	9991
2	37854	101.7063	075.1081	0242984	268.3797	088.9556	14.81908419	57299
1	37854U	11061E	12325.05644336	.00008755	00000-0	66828-3	0	9998
2	37854	101.7057	076.7813	0242907	265.0651	092.2788	14.81929198	57461
1	37854U	11061E	12326.20420419	.00009106	00000-0	69426-3	0	9998
2	37854	101.7060	078.4563	0242857	261.7640	095.5968	14.81951613	57633
1	37854U	11061E	12327.21691687	.00009921	00000-0	75511-3	0	9994
2	37854	101.7055	079.9345	0242759	258.8231	098.5609	14.81975340	57789
1	37854U	11061E	12328.22961741	.00010333	00000-0	78534-3	0	9994
2	37854	101.7051	081.4120	0242796	255.9349	101.4767	14.81998234	57936
1	37854U	11061E	12329.24230836	.00009970	00000-0	75747-3	0	9999
2	37854	101.7048	082.8870	0242870	253.0005	104.4459	14.82017375	58087
1	37854U	11061E	12330.25499011	.00009429	00000-0	71674-3	0	9998
2	37854	101.7052	084.3638	0242844	250.1713	107.3162	14.82034586	58239
1	37854U	11061E	12331.33517104	.00009032	00000-0	68643-3	0	9994
2	37854	101.7051	085.9389	0242943	247.0116	110.5293	14.82052547	58395
1	37854U	11061E	12332.88791030	+.00008573	+00000-0	+65135-3	0	9999
2	37854	101.7059	088.2044	0243060	242.5436	115.0859	14.82077761	058622
1	37854U	11061E	12333.90055540	+.00008122	+00000-0	+61727-3	0	9995
2	37854	101.7063	089.6818	0243115	239.6479	118.0476	14.82092498	058774
1	37854U	11061E	12335.25073917	.00007038	00000-0	53573-3	0	9998
2	37854	101.7064	091.6493	0243311	235.7915	122.0010	14.82107836	58971
1	37854U	11061F	11302.87272970	.00031269	00000-0	25123-2	0	9991
2	37854	101.6987	233.3835	0256260	288.7205	068.6394	14.77687338	191
1	37854U	11061F	11303.54982327	.00014649	00000-0	11859-2	0	9994
2	37854	101.6986	234.3636	0256120	286.9239	070.4027	14.77691305	296
1	37854U	11061F	11303.82065869	+.00013758	+00000-0	+11145-2	0	9996
2	37854	101.6985	234.7560	0256103	286.1936	071.1221	14.77697267	000334
1	37854U	11061F	11304.56546690	.00000654	00000-0	64325-4	0	9995
2	37854	101.6988	235.8352	0256649	284.0651	073.2163	14.77678223	445
1	37854U	11061F	11304.76859987	-.00003209	00000-0	-24543-3	0	9991
2	37854	101.7001	236.1297	0256412	283.4309	073.8429	14.77667403	477
1	37854U	11061F	11305.17484929	.00010884	00000-0	89115-3	0	9998
2	37854	101.6986	236.7184	0254301	282.4877	074.7985	14.77704470	533
1	37854U	11061F	11305.51338370	.00016066	00000-0	13072-2	0	9990
2	37854	101.6991	237.2095	0254466	281.6169	075.6593	14.77727631	587
1	37854U	11061F	11305.78421071	+.00016899	+00000-0	+13735-2	0	9990
2	37854	101.6988	237.6017	0254512	280.8522	076.4161	14.77739039	000627
1	37854U	11061F	11306.52898599	.00014110	00000-0	11481-2	0	9996
2	37854	101.6996	238.6806	0254637	278.7716	078.4718	14.77753179	735
1	37854U	11061F	11306.79980969	+.00014245	+00000-0	+11588-2	0	9995
2	37854	101.6996	239.0728	0254612	277.9856	079.2526	14.77761355	000777
1	37854U	11061F	11307.34146229	.00011517	00000-0	93692-3	0	9996
2	37854	101.6997	239.8575	0255197	276.5676	080.6509	14.77765482	851
1	37854U	11061F	11307.74769491	+.00011607	+00000-0	+94391-3	0	9999
2	37854	101.6999	240.4457	0255185	275.3883	081.8246	14.77775230	000914
1	37854U	11061F	11308.76327617	+.00009761	+00000-0	+79478-3	0	9999
2	37854	101.6997	241.9166	0255398	272.4728	084.7260	14.77788906	001066
1	37854U	11061F	11309.77884153	+.00009643	+00000-0	+78481-3	0	9996
2	37854	101.6999	243.3883	0255434	269.5376	087.6562	14.77807895	001210
1	37854U	11061F	11310.79439512	+.00009523	+00000-0	+77418-3	0	9991
2	37854	101.7001	244.8593	0255599	266.5743	090.6193	14.77826598	001367
1	37854U	11061F	11311.87763890	.00009584	00000-0	77882-3	0	9992
2	37854	101.7002	246.4284	0255540	263.4993	093.7061	14.77847803	1520
1	37854U	11061F	11312.82546351	+.00009887	+00000-0	+80294-3	0	9996
2	37854	101.7006	247.8019	0255438	260.7595	096.4634	14.77867990	001669
1	37854U	11061F	11313.09626892	.00010113	00000-0	82086-3	0	9990
2	37854	101.7008	248.1943	0255415	259.9906	097.2442	14.77874568	1702
1	37854U	11061F	11313.77327247	+.00010702	+00000-0	+86602-3	0	9999
2	37854	101.7010	249.1760	0255818	257.9778	099.2689	14.77891710	001809
1	37854U	11061F	11314.11177303	.00010802	00000-0	87406-3	0	9998
2	37854	101.7010	249.6664	0255747	257.0157	100.2378	14.77899550	1853
1	37854U	11061F	11314.78876911	+.00011094	+00000-0	+89630-3	0	9997
2	37854	101.7009	250.6478	0255906	255.0527	102.2220	14.77915910	001950
1	37854U	11061F	11315.53345887	.00011172	00000-0	90241-3	0	9991
2	37854	101.7005	251.7264	0255814	252.9355	104.3674	14.77933057	2065
1	37854U	11061F	11315.80425227	+.00011308	+00000-0	+91272-3	0	9994
2	37854	101.7006	252.1189	0255886	252.1450	105.1688	14.77939894	002108
1	37854U	11061F	11316.81972128	.00011404	00000-0	91991-3	0	9998
2	37854	101.7008	253.5906	0255840	249.2464	108.1156	14.77963560	2250
1	37854U	11061F	11317.36131431	.00009942	00000-0	79814-3	0	9997
2	37854	101.7002	254.3791	0257410	248.4213	108.9481	14.77964546	2336
1	37854U	11061F	11317.76748814	.00010575	00000-0	84535-3	0	9990
2	37854	101.6999	254.9697	0258076	247.3132	110.0598	14.77977651	2398
1	37854U	11061F	11318.51214050	.00011655	00000-0	93205-3	0	9998
2	37854	101.7001	256.0511	0257496	245.1384	112.2875	14.78001563	2507
1	37854U	11061F	11318.78292185	+.00011728	+00000-0	+93714-3	0	9998
2	37854	101.7000	256.4433	0257611	244.3559	113.0828	14.78008427	002544
1	37854U	11061F	11319.79834609	.00011878	00000-0	94966-3	0	9999
2	37854	101.7001	257.9150	0257272	241.4040	116.1044	14.78033621	2697
1	37854U	11061F	11320.81375599	.00011769	00000-0	94149-3	0	9994
2	37854	101.7002	259.3855	0257007	238.2786	119.3108	14.78057364	2846
1	37854U	11061F	11321.76146334	.00011135	00000-0	89105-3	0	9995
2	37854	101.7004	260.7587	0256981	235.3996	122.2715	14.78075723	2988
1	37854U	11061F	11321.76146334	+.00011135	+00000-0	+89105-3	0	9995
2	37854	101.7004	260.7587	0256981	235.3996	122.2715	14.78075723	002988
1	37854U	11061F	11322.84454801	.00010111	00000-0	81113-3	0	9990
2	37854	101.7006	262.3289	0256627	232.2132	125.5560	14.78093251	3141
1	37854U	11061F	11323.79223421	+.00009516	+00000-0	+76402-3	0	9999
2	37854	101.7013	263.7036	0256565	229.4637	128.3887	14.78108712	003280
1	37854U	11061F	11324.53684129	.00008900	00000-0	71522-3	0	9992
2	37854	101.7024	264.7850	0256525	227.2649	130.6665	14.78119080	3394
1	37854U	11061F	11324.80760603	+.00008838	+00000-0	+71045-3	0	9994
2	37854	101.7024	265.1774	0256471	226.4834	131.4795	14.78123571	003439
1	37854U	11061F	11325.82296704	.00008260	00000-0	66469-3	0	9996
2	37854	101.7021	266.6497	0256402	223.5534	134.5165	14.78137839	3586
1	37854U	11061F	11326.77062852	+.00007849	+00000-0	+63206-3	0	9994
2	37854	101.7017	268.0233	0256374	220.8282	137.3452	14.78150977	003727
1	37854U	11061F	11327.51521379	.00007570	00000-0	60978-3	0	9995
2	37854	101.7018	269.1031	0256381	218.6928	139.5642	14.78161063	3831
1	37854U	11061F	11327.85366001	+.00007569	+00000-0	+60980-3	0	9992
2	37854	101.7018	269.5938	0256299	217.7333	140.5647	14.78166233	003885
1	37854U	11061F	11328.53054842	.00007537	00000-0	60724-3	0	9996
2	37854	101.7017	270.5752	0256251	215.7966	142.5819	14.78176433	3985
1	37854U	11061F	11328.80130256	+.00007570	+00000-0	+60991-3	0	9993
2	37854	101.7017	270.9676	0256214	215.0354	143.3766	14.78180779	004021
1	37854U	11061F	11329.54587261	.00007505	00000-0	60458-3	0	9993
2	37854	101.7019	272.0475	0256194	212.8984	145.6034	14.78191759	4139
1	37854U	11061F	11329.81662427	+.00007530	+00000-0	+60662-3	0	9996
2	37854	101.7020	272.4399	0256149	212.1352	146.4015	14.78196041	004173
1	37854U	11061F	11330.56118987	.00007664	00000-0	61984-3	0	9993
2	37854	101.6999	273.5105	0255079	210.0821	148.5507	14.78207965	4282
1	37854U	11061F	11330.76425176	+.00007652	+00000-0	+61890-3	0	9999
2	37854	101.6999	273.8049	0255060	209.5027	149.1570	14.78211035	004317
1	37854U	11061F	11331.77956069	.00007022	00000-0	56858-3	0	9990
2	37854	101.7012	275.2774	0255132	206.5705	152.2225	14.78221805	4469
1	37854U	11061F	11332.86254863	.00006466	00000-0	52466-3	0	9996
2	37854	101.7021	276.8488	0254974	203.4615	155.4783	14.78233151	4626
1	37854U	11061F	11333.81015473	+.00005972	+00000-0	+48462-3	0	9996
2	37854	101.7028	278.2253	0255328	200.7815	158.2860	14.78242279	004768
1	37854U	11061F	11334.55469669	.00005953	00000-0	48310-3	0	9999
2	37854	101.7032	279.3052	0255271	198.6748	160.4954	14.78251226	4872
1	37854U	11061F	11334.82543779	+.00005981	+00000-0	+48508-3	0	9994
2	37854	101.7033	279.6976	0255338	197.9104	161.2976	14.78254685	004913
