#	#	#	#	#	#	#	#	#
1	37851U	11061B	11335.77903482	.00005433	00000-0	44695-3	0	9992
2	37851	101.7084	281.0782	0254552	195.4122	163.9188	14.77963350	5064
1	37851U	11061B	11335.98213095	+.00005465	+00000-0	+44960-3	0	9999
2	37851	101.7084	281.3727	0254523	194.8404	164.5233	14.77965880	005103
1	37851U	11061B	11336.79451016	.00005512	00000-0	45332-3	0	9993
2	37851	101.7083	282.5507	0254473	192.5348	166.9445	14.77975344	5216
1	37851U	11061B	11337.87767508	.00005542	00000-0	45559-3	0	9993
2	37851	101.7085	284.1213	0254426	189.4623	170.1728	14.77987767	5379
1	37851U	11061B	11337.94537268	+.00005536	+00000-0	+45515-3	0	9994
2	37851	101.7085	284.2194	0254424	189.2690	170.3760	14.77988495	005397
1	37851U	11061B	11338.89313368	.00005649	00000-0	46405-3	0	9996
2	37851	101.7085	285.5937	0254407	186.5822	173.2017	14.77999950	5524
1	37851U	11061B	11339.90858326	+.00005845	+00000-0	+47965-3	0	9997
2	37851	101.7081	287.0658	0254328	183.7073	176.2256	14.78012949	005686
1	37851U	11061B	11339.90858332	.00005832	00000-0	47870-3	0	9995
2	37851	101.7082	287.0657	0254314	183.7030	176.2295	14.78012877	5676
1	37851U	11061B	11340.85632938	+.00005803	+00000-0	+47593-3	0	9993
2	37851	101.7088	288.4410	0254442	181.0050	179.0668	14.78023964	005820
1	37851U	11061B	11341.53328814	.00005558	00000-0	45610-3	0	9999
2	37851	101.7088	289.4227	0254511	179.0857	181.0855	14.78030508	5919
1	37851U	11061B	11341.93946191	+.00005458	+00000-0	+44792-3	0	9996
2	37851	101.7088	290.0120	0254582	177.9175	182.3142	14.78034497	005988
1	37851U	11061B	11342.81950136	.00005228	00000-0	42944-3	0	9990
2	37851	101.7091	291.2887	0254563	175.4236	184.9377	14.78042800	6105
1	37851U	11061B	11343.83492384	.00005174	00000-0	42509-3	0	9996
2	37851	101.7091	292.7612	0254512	172.5447	187.9652	14.78053312	6258
1	37851U	11061B	11343.97031285	+.00005174	+00000-0	+42509-3	0	9990
2	37851	101.7091	292.9576	0254509	172.1603	188.3692	14.78054748	006281
1	37851U	11061B	11344.85033938	.00005080	00000-0	41759-3	0	9997
2	37851	101.7092	294.2338	0254443	169.6648	190.9924	14.78063408	6404
1	37851U	11061B	11345.86574864	.00004905	00000-0	40335-3	0	9991
2	37851	101.7096	295.7070	0254485	166.7799	194.0234	14.78072648	6559
1	37851U	11061B	11346.88115019	.00004834	00000-0	39781-3	0	9991
2	37851	101.7098	297.1800	0254352	163.9079	197.0388	14.78082337	6707
1	37851U	11061B	11346.94884336	+.00004808	+00000-0	+39558-3	0	9996
2	37851	101.7099	297.2781	0254415	163.7147	197.2411	14.78082841	006722
1	37851U	11061B	11347.89654530	.00004679	00000-0	38528-3	0	9994
2	37851	101.7102	298.6531	0254362	161.0270	200.0616	14.78091287	6852
1	37851U	11061B	11348.97962559	.00004547	00000-0	37460-3	0	9995
2	37851	101.7102	300.2237	0254380	157.9539	203.2821	14.78100874	7012
1	37851U	11061B	11348.97962559	+.00004547	+00000-0	+37460-3	0	9995
2	37851	101.7102	300.2237	0254380	157.9539	203.2821	14.78100874	007023
1	37851U	11061B	11349.85962467	+.00004292	+00000-0	+35424-3	0	9996
2	37851	101.7103	301.5002	0254337	155.4638	205.8914	14.78107388	007155
1	37851U	11061B	11350.40115917	.00004172	00000-0	34480-3	0	9997
2	37851	101.7112	302.2869	0254198	153.9328	207.4887	14.78111357	7224
1	37851U	11061B	11350.87500421	+.00003821	+00000-0	+31609-3	0	9996
2	37851	101.7114	302.9746	0254673	152.5784	208.9116	14.78113078	007308
1	37851U	11061B	11351.41653872	.00003487	00000-0	29011-3	0	9998
2	37851	101.7112	303.7598	0254155	151.0535	210.5028	14.78115464	7372
1	37851U	11061B	11351.89038031	+.00003268	+00000-0	+27234-3	0	9996
2	37851	101.7113	304.4474	0254390	149.6859	211.9328	14.78117496	007451
1	37851U	11061B	11352.56729534	.00002845	00000-0	23878-3	0	9996
2	37851	101.7117	305.4295	0254135	147.7879	213.9117	14.78119533	7547
1	37851U	11061B	11352.90575233	+.00002742	+00000-0	+23040-3	0	9996
2	37851	101.7117	305.9205	0254276	146.8157	214.9277	14.78120882	007602
1	37851U	11061B	11353.85342789	.00002563	00000-0	21612-3	0	9993
2	37851	101.7120	307.2953	0254251	144.1337	217.7234	14.78125134	7738
1	37851U	11061B	11354.86878925	.00002571	00000-0	21677-3	0	9991
2	37851	101.7120	308.7681	0254189	141.2483	220.7256	14.78130629	7881
1	37851U	11061B	11354.93647980	+.00002589	+00000-0	+21822-3	0	9995
2	37851	101.7119	308.8663	0254171	141.0527	220.9290	14.78131100	007906
1	37851U	11061B	11355.88414505	.00002660	00000-0	22396-3	0	9992
2	37851	101.7118	310.2411	0254057	138.3756	223.7092	14.78136663	8034
1	37851U	11061B	11356.89949501	.00002866	00000-0	24048-3	0	9997
2	37851	101.7118	311.7144	0253890	135.4804	226.7101	14.78143595	8181
1	37851U	11061B	11356.96718489	+.00002865	+00000-0	+24039-3	0	9993
2	37851	101.7118	311.8126	0253887	135.2865	226.9110	14.78143997	008204
1	37851U	11061B	11357.84714971	+.00003121	+00000-0	+26085-3	0	9992
2	37851	101.7117	313.0894	0253843	132.7819	229.5046	14.78150733	008339
1	37851U	11061B	11358.45635312	.00003256	00000-0	27151-3	0	9995
2	37851	101.7115	313.9729	0253915	131.0448	231.2998	14.78155478	8419
1	37851U	11061B	11358.86248787	+.00003295	+00000-0	+27466-3	0	9998
2	37851	101.7116	314.5622	0253855	129.8800	232.5023	14.78158447	008488
1	37851U	11061B	11359.47168940	.00003118	00000-0	26073-3	0	9995
2	37851	101.7109	315.4443	0253701	128.1413	234.2943	14.78161766	8560
1	37851U	11061B	11359.94551051	+.00003182	+00000-0	+26586-3	0	9996
2	37851	101.7108	316.1316	0253649	126.7818	235.6950	14.78165227	008648
1	37851U	11061B	11360.55470825	.00003085	00000-0	25819-3	0	9994
2	37851	101.7116	317.0164	0253554	125.0348	237.4924	14.78168604	8725
1	37851U	11061B	11360.89315119	+.00002975	+00000-0	+24922-3	0	9996
2	37851	101.7119	317.5075	0253637	124.0638	238.4916	14.78170104	008783
1	37851U	11061B	11361.90847557	.00002715	00000-0	22830-3	0	9993
2	37851	101.7124	318.9803	0253759	121.1832	241.4504	14.78174880	8920
1	37851U	11061B	11361.97616373	+.00002694	+00000-0	+22661-3	0	9998
2	37851	101.7125	319.0784	0253775	120.9925	241.6463	14.78175159	008947
1	37851U	11061B	11362.85610683	+.00002641	+00000-0	+22244-3	0	9993
2	37851	101.7130	320.3556	0253719	118.4930	244.2072	14.78179750	009072
1	37851U	11061B	11363.46529554	.00002668	00000-0	22452-3	0	9997
2	37851	101.7129	321.2393	0253710	116.7589	245.9804	14.78183301	9158
1	37851U	11061B	11363.87142027	+.00002718	+00000-0	+22853-3	0	9999
2	37851	101.7131	321.8289	0253686	115.6093	247.1559	14.78185811	009228
1	37851U	11061B	11364.54829206	.00002842	00000-0	23835-3	0	9994
2	37851	101.7136	322.8117	0253769	113.7002	249.1045	14.78190349	9319
1	37851U	11061B	11364.88672635	+.00003000	+00000-0	+25110-3	0	9998
2	37851	101.7135	323.3030	0253600	112.7204	250.1013	14.78193273	009377
1	37851U	11061B	11365.90202573	.00003326	00000-0	27725-3	0	9997
2	37851	101.7135	324.7768	0253487	109.8355	253.0357	14.78201507	9516
1	37851U	11061B	11365.96971219	+.00003355	+00000-0	+27958-3	0	9993
2	37851	101.7135	324.8750	0253466	109.6307	253.2439	14.78202145	009534
1	37851U	11061B	12001.91731853	.00003592	00000-0	29840-3	0	9999
2	37851	101.7134	326.2502	0253481	106.9465	255.9682	14.78210092	9669
1	37851U	11061B	12002.86491980	+.00003635	+00000-0	+30178-3	0	9992
2	37851	101.7137	327.6254	0253469	104.2614	258.6876	14.78217327	009814
1	37851U	11061B	12003.54177440	.00003569	00000-0	29643-3	0	9991
2	37851	101.7136	328.6071	0253488	102.3597	260.6085	14.78222068	9904
1	37851U	11061B	12003.88020058	+.00003657	+00000-0	+30349-3	0	9993
2	37851	101.7135	329.0981	0253446	101.3853	261.5937	14.78225080	009965
1	37851U	11061B	12004.89547460	.00003650	00000-0	30298-3	0	9992
2	37851	101.7139	330.5720	0253364	098.4894	264.5101	14.78232638	10108
1	37851U	11061B	12004.96315934	+.00003650	+00000-0	+30298-3	0	9999
2	37851	101.7139	330.6702	0253363	098.2972	264.7037	14.78233150	010125
1	37851U	11061B	12005.91074258	.00003594	00000-0	29848-3	0	9992
2	37851	101.7138	332.0450	0253352	095.6014	267.4126	14.78239956	10259
1	37851U	11061B	12006.92600409	.00003551	00000-0	29506-3	0	9991
2	37851	101.7143	333.5206	0253295	092.7491	270.2715	14.78246855	10402
1	37851U	11061B	12007.94125959	+.00003487	+00000-0	+28989-3	0	9998
2	37851	101.7142	334.9935	0253274	089.8632	273.1575	14.78253966	010560
1	37851U	11061B	12008.00894321	.00003483	00000-0	28959-3	0	9995
2	37851	101.7143	335.0917	0253283	089.6667	273.3544	14.78254444	10569
1	37851U	11061B	12008.95650825	+.00003565	+00000-0	+29609-3	0	9992
2	37851	101.7141	336.4666	0253258	086.9583	276.0562	14.78261794	010715
1	37851U	11061B	12009.49797174	.00003450	00000-0	28679-3	0	9990
2	37851	101.7140	337.2521	0253317	085.4441	277.5620	14.78265153	10787
1	37851U	11061B	12009.90406769	+.00003539	+00000-0	+29404-3	0	9998
2	37851	101.7137	337.8412	0253225	084.3338	278.6677	14.78268536	010859
1	37851U	11061B	12010.91930238	.00003811	00000-0	31572-3	0	9996
2	37851	101.7142	339.3156	0253179	081.4105	281.5687	14.78277497	10990
1	37851U	11061B	12011.86684956	+.00003761	+00000-0	+31174-3	0	9996
2	37851	101.7143	340.6905	0253120	078.6950	284.2573	14.78284689	011143
1	37851U	11061B	12012.47598410	.00003681	00000-0	30540-3	0	9990
2	37851	101.7144	341.5744	0253070	076.9715	285.9601	14.78288982	11228
1	37851U	11061B	12012.88207216	+.00003712	+00000-0	+30778-3	0	9994
2	37851	101.7144	342.1637	0253091	075.8133	287.1034	14.78292272	011299
1	37851U	11061B	12013.49120317	.00003602	00000-0	29911-3	0	9993
2	37851	101.7145	343.0476	0253028	074.0721	288.8197	14.78296343	11375
1	37851U	11061B	12013.89728933	+.00003555	+00000-0	+29526-3	0	9994
2	37851	101.7146	343.6368	0253040	072.9058	289.9683	14.78299104	011444
1	37851U	11061B	12014.50641630	.00003538	00000-0	29390-3	0	9991
2	37851	101.7148	344.5214	0253025	071.1575	291.6878	14.78303471	11522
1	37851U	11061B	12014.91250040	+.00003439	+00000-0	+28593-3	0	9991
2	37851	101.7149	345.1107	0253112	070.0161	292.8098	14.78305866	011591
1	37851U	11061B	12015.52162454	.00003293	00000-0	27431-3	0	9998
2	37851	101.7151	345.9948	0253040	068.2513	294.5408	14.78309420	11678
1	37851U	11061B	12015.92770572	+.00003296	+00000-0	+27454-3	0	9996
2	37851	101.7152	346.5844	0253049	067.0943	295.6748	14.78312192	011741
1	37851U	11061B	12016.87522419	.00003436	00000-0	28562-3	0	9993
2	37851	101.7151	347.9597	0253035	064.3573	298.3540	14.78319481	11876
1	37851U	11061B	12016.94290371	+.00003444	+00000-0	+28627-3	0	9991
2	37851	101.7151	348.0579	0253039	064.1632	298.5430	14.78320009	011896
1	37851U	11061B	12017.89041403	.00003801	00000-0	31469-3	0	9991
2	37851	101.7148	349.4330	0253044	061.4875	301.1553	14.78328935	12026
1	37851U	11061B	12018.90559460	.00004295	00000-0	35428-3	0	9998
2	37851	101.7147	350.9068	0252857	058.6332	303.9352	14.78339926	12172
1	37851U	11061B	12019.92076656	.00004740	00000-0	38963-3	0	9994
2	37851	101.7146	352.3805	0252867	055.6982	306.7877	14.78351733	12325
1	37851U	11061B	12020.93593033	+.00005078	+00000-0	+41643-3	0	9994
2	37851	101.7146	353.8545	0252917	052.7746	309.6239	14.78363647	012482
1	37851U	11061B	12021.95108527	+.00005350	+00000-0	+43788-3	0	9992
2	37851	101.7145	355.3283	0252950	049.9077	312.4000	14.78375801	012639
1	37851U	11061B	12022.96622991	+.00005695	+00000-0	+46532-3	0	9992
2	37851	101.7143	356.8017	0252876	047.0546	315.1568	14.78388958	012787
1	37851U	11061B	12023.91368789	+.00006146	+00000-0	+50110-3	0	9999
2	37851	101.7140	358.1768	0252883	044.3673	317.7491	14.78402811	012925
1	37851U	11061B	12023.98136316	.00006180	00000-0	50366-3	0	9996
2	37851	101.7140	358.2751	0252919	044.1708	317.9387	14.78403837	12920
1	37851U	11061B	12024.86113366	.00007016	00000-0	57093-3	0	9997
2	37851	101.7134	359.5523	0252528	041.7654	320.2572	14.78419736	13056
1	37851U	11061B	12024.92880719	+.00007089	+00000-0	+57693-3	0	9993
2	37851	101.7133	359.6506	0252454	041.5702	320.4424	14.78421097	013070
1	37851U	11061B	12025.87623981	.00007898	00000-0	64105-3	0	9998
2	37851	101.7132	001.0270	0252463	038.8176	323.0898	14.78439555	13206
1	37851U	11061B	12025.94391268	+.00007901	+00000-0	+64130-3	0	9999
2	37851	101.7132	001.1252	0252462	038.6245	323.2716	14.78440662	013225
1	37851U	11061B	12026.89133589	.00008121	00000-0	65843-3	0	9991
2	37851	101.7135	002.5010	0252484	035.9420	325.8475	14.78457138	13354
1	37851U	11061B	12026.95900852	+.00008125	+00000-0	+65874-3	0	9991
2	37851	101.7136	002.5992	0252493	035.7483	326.0329	14.78458279	013371
1	37851U	11061B	12027.90642208	.00007956	00000-0	64506-3	0	9997
2	37851	101.7142	003.9750	0252464	033.0577	328.6120	14.78472787	13500
1	37851U	11061B	12027.97409404	+.00007960	+00000-0	+64534-3	0	9999
2	37851	101.7141	004.0732	0252469	032.8651	328.7965	14.78473898	013520
1	37851U	11061B	12028.92149804	+.00007602	+00000-0	+61657-3	0	9996
2	37851	101.7146	005.4485	0252497	030.1637	331.3812	14.78487086	013661
1	37851U	11061B	12028.98916961	.00007570	00000-0	61402-3	0	9990
2	37851	101.7146	005.5466	0252508	029.9759	331.5615	14.78487968	13667
1	37851U	11061B	12029.93656577	+.00007056	+00000-0	+57336-3	0	9990
2	37851	101.7156	006.9229	0252347	027.3143	334.1063	14.78499194	013817
1	37851U	11061B	12030.07190712	.00007059	00000-0	57352-3	0	9992
2	37851	101.7156	007.1193	0252347	026.9293	334.4746	14.78501153	13822
1	37851U	11061B	12030.95162363	+.00006607	+00000-0	+53800-3	0	9992
2	37851	101.7162	008.3969	0252096	024.4505	336.8409	14.78510911	013962
1	37851U	11061B	12031.08696395	.00006563	00000-0	53450-3	0	9996
2	37851	101.7162	008.5933	0252087	024.0710	337.2028	14.78512497	13973
1	37851U	11061B	12031.96667303	+.00006235	+00000-0	+50840-3	0	9996
2	37851	101.7166	009.8708	0252021	021.5781	339.5815	14.78522231	014112
1	37851U	11061B	12032.50802905	.00006049	00000-0	49350-3	0	9993
2	37851	101.7168	010.6568	0252032	020.0139	341.0724	14.78528143	14183
1	37851U	11061B	12032.91404470	+.00005955	+00000-0	+48608-3	0	9993
2	37851	101.7169	011.2462	0251975	018.8684	342.1648	14.78532587	014251
1	37851U	11061B	12033.79374080	.00005742	00000-0	46888-3	0	9995
2	37851	101.7172	012.5240	0252036	016.3548	344.5598	14.78542012	14371
1	37851U	11061B	12033.92907764	+.00005801	+00000-0	+47334-3	0	9994
2	37851	101.7172	012.7207	0252141	015.9574	344.9377	14.78543921	014400
1	37851U	11061B	12034.87643267	.00005922	00000-0	48274-3	0	9992
2	37851	101.7173	014.0969	0252182	013.2493	347.5168	14.78555808	14535
1	37851U	11061B	12034.94410060	+.00005936	+00000-0	+48381-3	0	9997
2	37851	101.7172	014.1952	0252206	013.0557	347.7012	14.78556703	014550
1	37851U	11061B	12035.89144669	.00006070	00000-0	49431-3	0	9998
2	37851	101.7174	015.5717	0252206	010.3463	350.2789	14.78568880	14685
1	37851U	11061B	12035.95911403	+.00006073	+00000-0	+49447-3	0	9993
2	37851	101.7175	015.6701	0252221	010.1535	350.4622	14.78569718	014707
1	37851U	11061B	12036.90645176	.00006197	00000-0	50410-3	0	9999
2	37851	101.7174	017.0458	0252263	007.4639	353.0207	14.78582211	14836
1	37851U	11061B	12036.97411844	+.00006181	+00000-0	+50288-3	0	9995
2	37851	101.7174	017.1441	0252243	007.2736	353.2011	14.78582971	014853
1	37851U	11061B	12037.92144853	.00006126	00000-0	49837-3	0	9991
2	37851	101.7175	018.5198	0252214	004.5801	355.7618	14.78594578	14989
1	37851U	11061B	12037.92144863	+.00006124	+00000-0	+49820-3	0	9992
2	37851	101.7175	018.5198	0252219	004.5810	355.7613	14.78594563	014994
1	37851U	11061B	12038.93643802	+.00005953	+00000-0	+48433-3	0	9999
2	37851	101.7177	019.9942	0252311	001.6789	358.5200	14.78606115	015142
1	37851U	11061B	12039.00410361	.00005931	00000-0	48266-3	0	9990
2	37851	101.7177	020.0924	0252265	001.4874	358.7014	14.78606805	15147
1	37851U	11061B	12039.88375368	+.00005858	+00000-0	+47677-3	0	9996
2	37851	101.7176	021.3697	0252243	358.9790	001.0862	14.78616986	015285
1	37851U	11061B	12040.42507344	.00005848	00000-0	47581-3	0	9992
2	37851	101.7179	022.1563	0252299	357.4351	002.5532	14.78623402	15356
1	37851U	11061B	12040.96639106	+.00005825	+00000-0	+47399-3	0	9995
2	37851	101.7182	022.9432	0252251	355.8901	004.0223	14.78629638	015445
1	37851U	11061B	12041.50770667	.00005687	00000-0	46319-3	0	9991
2	37851	101.7184	023.7296	0252135	354.3487	005.4866	14.78635269	15511
1	37851U	11061B	12041.91369209	+.00005700	+00000-0	+46444-3	0	9997
2	37851	101.7183	024.3194	0251996	353.2020	006.5789	14.78639954	015587
1	37851U	11061B	12042.92864944	+.00005663	+00000-0	+46138-3	0	9993
2	37851	101.7184	025.7937	0252004	350.3159	009.3230	14.78651550	015735
1	37851U	11061B	12043.06397648	.00005654	00000-0	46060-3	0	9995
2	37851	101.7185	025.9903	0251997	349.9320	009.6878	14.78653064	15749
1	37851U	11061B	12043.94360092	+.00005417	+00000-0	+44163-3	0	9994
2	37851	101.7189	027.2687	0252055	347.4382	012.0598	14.78661645	015880
1	37851U	11061B	12044.48490560	.00005271	00000-0	43021-3	0	9998
2	37851	101.7195	028.0560	0251956	345.8979	013.5255	14.78666690	15958
1	37851U	11061B	12044.95854506	+.00005315	+00000-0	+43401-3	0	9995
2	37851	101.7193	028.7442	0251755	344.5404	014.8206	14.78671941	016033
1	37851U	11061B	12045.97347955	+.00005558	+00000-0	+45357-3	0	9994
2	37851	101.7193	030.2196	0251544	341.6335	017.5904	14.78684275	016189
1	37851U	11061B	12046.92074419	.00005967	00000-0	48598-3	0	9996
2	37851	101.7192	031.5962	0251473	338.9594	020.1438	14.78697447	16312
1	37851U	11061B	12047.93565947	+.00006411	+00000-0	+52109-3	0	9997
2	37851	101.7189	033.0709	0251454	336.0899	022.8787	14.78712638	016473
1	37851U	11061B	12048.20630222	.00006496	00000-0	52768-3	0	9991
2	37851	101.7189	033.4641	0251496	335.3213	023.6123	14.78716666	16502
1	37851U	11061B	12048.95056714	+.00006585	+00000-0	+53448-3	0	9996
2	37851	101.7192	034.5462	0251553	333.2028	025.6356	14.78726991	016629
1	37851U	11061B	12049.55950848	.00006519	00000-0	52873-3	0	9992
2	37851	101.7192	035.4308	0251739	331.4708	027.2900	14.78734841	16704
1	37851U	11061B	12049.96546811	+.00006436	+00000-0	+52231-3	0	9994
2	37851	101.7192	036.0208	0251645	330.3278	028.3839	14.78739697	016770
1	37851U	11061B	12050.91270297	.00006098	00000-0	49574-3	0	9993
2	37851	101.7196	037.3975	0251454	327.6000	030.9968	14.78749831	16907
1	37851U	11061B	12051.92758924	.00006020	00000-0	48959-3	0	9994
2	37851	101.7195	038.8719	0251360	324.7014	033.7769	14.78761917	17053
1	37851U	11061B	12051.92758924	+.00006020	+00000-0	+48959-3	0	9994
2	37851	101.7195	038.8719	0251360	324.7014	033.7769	14.78761917	017064
1	37851U	11061B	12052.94246811	+.00005904	+00000-0	+48045-3	0	9990
2	37851	101.7195	040.3462	0251282	321.8072	036.5552	14.78773624	017218
1	37851U	11061B	12053.07778465	.00005915	00000-0	48127-3	0	9993
2	37851	101.7195	040.5428	0251284	321.4234	036.9241	14.78775316	17220
1	37851U	11061B	12053.88968315	+.00005738	+00000-0	+46703-3	0	9998
2	37851	101.7179	041.7258	0251328	319.0943	039.1644	14.78783492	017355
1	37851U	11061B	12054.09265655	.00005759	00000-0	46868-3	0	9994
2	37851	101.7181	042.0207	0251339	318.5193	039.7173	14.78786025	17379
1	37851U	11061B	12054.97220660	+.00005640	+00000-0	+45906-3	0	9999
2	37851	101.7178	043.2986	0251338	316.0191	042.1243	14.78795459	017515
1	37851U	11061B	12055.51346596	.00005506	00000-0	44821-3	0	9993
2	37851	101.7181	044.0852	0251426	314.4722	043.6147	14.78800860	17589
1	37851U	11061B	12055.98706672	+.00005426	+00000-0	+44197-3	0	9996
2	37851	101.7183	044.7737	0251350	313.1304	044.9113	14.78805630	017664
1	37851U	11061B	12056.52832237	.00005357	00000-0	43621-3	0	9998
2	37851	101.7184	045.5603	0251473	311.5885	046.3993	14.78811253	17736
1	37851U	11061B	12056.93426351	+.00005231	+00000-0	+42632-3	0	9991
2	37851	101.7185	046.1502	0251419	310.4191	047.5312	14.78814964	017808
1	37851U	11061B	12057.54317350	.00005048	00000-0	41172-3	0	9991
2	37851	101.7187	047.0351	0251453	308.6773	049.2164	14.78820403	17882
1	37851U	11061B	12057.94911309	+.00004861	+00000-0	+39709-3	0	9994
2	37851	101.7191	047.6254	0251310	307.5060	050.3528	14.78823391	017958
1	37851U	11061B	12058.89630159	.00004591	00000-0	37574-3	0	9998
2	37851	101.7194	049.0024	0251274	304.8100	052.9688	14.78831092	18083
1	37851U	11061B	12058.96395763	+.00004592	+00000-0	+37578-3	0	9990
2	37851	101.7194	049.1008	0251273	304.6172	053.1560	14.78831732	018108
1	37851U	11061B	12059.91113912	.00004712	00000-0	38509-3	0	9999
2	37851	101.7196	050.4774	0251337	301.9192	055.7794	14.78841385	18234
1	37851U	11061B	12059.97879440	+.00004728	+00000-0	+38634-3	0	9996
2	37851	101.7196	050.5759	0251342	301.7244	055.9678	14.78842127	018250
1	37851U	11061B	12060.92596841	+.00005063	+00000-0	+41261-3	0	9997
2	37851	101.7198	051.9520	0251399	299.0238	058.5980	14.78853386	018396
1	37851U	11061B	12060.99362359	.00005069	00000-0	41304-3	0	9993
2	37851	101.7198	052.0504	0251407	298.8330	058.7841	14.78854120	18395
1	37851U	11061B	12061.94079204	+.00005216	+00000-0	+42463-3	0	9994
2	37851	101.7200	053.4271	0251359	296.1322	061.4214	14.78864873	018541
1	37851U	11061B	12062.00844678	.00005214	00000-0	42449-3	0	9999
2	37851	101.7200	053.5255	0251354	295.9382	061.6112	14.78865576	18542
1	37851U	11061B	12062.95561011	+.00005215	+00000-0	+42471-3	0	9996
2	37851	101.7200	054.9022	0251202	293.2291	064.2637	14.78875653	018695
1	37851U	11061B	12063.56449834	.00005166	00000-0	42075-3	0	9997
2	37851	101.7200	055.7873	0251228	291.5019	065.9565	14.78881865	18774
1	37851U	11061B	12063.97042286	+.00005146	+00000-0	+41921-3	0	9999
2	37851	101.7196	056.3773	0251165	290.3329	067.1060	14.78885992	018842
1	37851U	11061B	12064.98522973	+.00005033	+00000-0	+41016-3	0	9997
2	37851	101.7199	057.8534	0251162	287.4603	069.9280	14.78895867	018997
1	37851U	11061B	12065.93237794	+.00004974	+00000-0	+40532-3	0	9992
2	37851	101.7202	059.2310	0251198	284.7851	072.5637	14.78905196	019134
1	37851U	11061B	12066.00003122	.00004962	00000-0	40442-3	0	9994
2	37851	101.7202	059.3295	0251193	284.5949	072.7512	14.78905795	19137
1	37851U	11061B	12066.94717408	+.00004900	+00000-0	+39935-3	0	9993
2	37851	101.7203	060.7063	0251201	281.8961	075.4164	14.78915018	019289
1	37851U	11061B	12067.48839655	.00004836	00000-0	39416-3	0	9994
2	37851	101.7204	061.4930	0251240	280.3553	076.9399	14.78920071	19354
1	37851U	11061B	12067.96196512	+.00004849	+00000-0	+39514-3	0	9998
2	37851	101.7206	062.1817	0251237	279.0109	078.2742	14.78924800	019436
1	37851U	11061B	12068.90909739	.00004934	00000-0	40179-3	0	9990
2	37851	101.7210	063.5592	0251219	276.3358	080.9293	14.78934604	19560
1	37851U	11061B	12069.99152790	.00005125	00000-0	41669-3	0	9995
2	37851	101.7207	065.1334	0251236	273.2168	084.0343	14.78946147	19726
1	37851U	11061B	12069.99152790	+.00005125	+00000-0	+41669-3	0	9995
2	37851	101.7207	065.1334	0251236	273.2168	084.0343	14.78946147	019737
1	37851U	11061B	12070.93864609	+.00006041	+00000-0	+48896-3	0	9997
2	37851	101.7207	066.5109	0251192	270.4972	086.7479	14.78959772	019877
1	37851U	11061B	12071.20924995	.00006170	00000-0	49906-3	0	9999
2	37851	101.7207	066.9047	0251188	269.7438	087.4984	14.78963515	19908
1	37851U	11061B	12071.95340962	+.00006002	+00000-0	+48561-3	0	9997
2	37851	101.7211	067.9871	0251208	267.6285	089.6134	14.78972131	020029
1	37851U	11061B	12072.22401219	.00005942	00000-0	48091-3	0	9991
2	37851	101.7211	068.3804	0251194	266.8558	090.3867	14.78975252	20050
1	37851U	11061B	12072.96817121	+.00004662	+00000-0	+37992-3	0	9991
2	37851	101.7209	069.4621	0251143	264.6859	092.5642	14.78978798	020176
1	37851U	11061B	12073.50937606	.00003751	00000-0	30794-3	0	9994
2	37851	101.7218	070.2500	0251228	263.1779	094.0768	14.78980827	20241
1	37851U	11061B	12073.98292984	+.00003643	+00000-0	+29954-3	0	9995
2	37851	101.7207	070.9383	0251118	261.8094	095.4558	14.78983797	020328
1	37851U	11061B	12074.52413243	.00003466	00000-0	28549-3	0	9991
2	37851	101.7213	071.7264	0251108	260.3027	096.9718	14.78987138	20395
1	37851U	11061B	12074.93003378	+.00003513	+00000-0	+28925-3	0	9991
2	37851	101.7210	072.3166	0251109	259.1127	098.1725	14.78989933	020463
1	37851U	11061B	12075.94478198	+.00004551	+00000-0	+37082-3	0	9996
2	37851	101.7212	073.7936	0251200	256.2636	101.0495	14.79000662	020619
1	37851U	11061B	12075.94478236	.00004504	00000-0	36714-3	0	9998
2	37851	101.7212	073.7935	0251182	256.2681	101.0464	14.79000552	20600
1	37851U	11061B	12076.95952477	+.00005287	+00000-0	+42885-3	0	9999
2	37851	101.7214	075.2697	0251134	253.4278	103.9238	14.79012735	020765
1	37851U	11061B	12077.09482277	.00005328	00000-0	43206-3	0	9995
2	37851	101.7214	075.4666	0251111	253.0481	104.3059	14.79014275	20778
1	37851U	11061B	12077.97426131	+.00004809	+00000-0	+39112-3	0	9993
2	37851	101.7216	076.7452	0251100	250.5359	106.8537	14.79022024	020916
1	37851U	11061B	12078.24485764	.00004525	00000-0	36866-3	0	9999
2	37851	101.7216	077.1384	0251115	249.7466	107.6568	14.79023785	20941
1	37851U	11061B	12078.98899759	+.00003381	+00000-0	+27851-3	0	9996
2	37851	101.7223	078.2211	0251108	247.6476	109.7930	14.79026110	021065
1	37851U	11061B	12079.53019028	.00002190	00000-0	18459-3	0	9992
2	37851	101.7233	079.0082	0251077	246.1012	111.3677	14.79025595	21137
1	37851U	11061B	12079.93608347	+.00002629	+00000-0	+21905-3	0	9991
2	37851	101.7219	079.5986	0251217	244.8704	112.6253	14.79028622	021204
1	37851U	11061B	12080.54492262	.00002439	00000-0	20402-3	0	9997
2	37851	101.7221	080.4842	0251226	243.1687	114.3618	14.79031200	21289
1	37851U	11061B	12080.95081460	+.00002832	+00000-0	+23509-3	0	9994
2	37851	101.7215	081.0755	0251173	242.0433	115.5147	14.79034657	021357
1	37851U	11061B	12081.55965160	.00002831	00000-0	23496-3	0	9993
2	37851	101.7215	081.9607	0251163	240.3124	117.2856	14.79038253	21430
1	37851U	11061B	12081.96554275	+.00002901	+00000-0	+24061-3	0	9996
2	37851	101.7215	082.5515	0251010	239.1951	118.4326	14.79040942	021501
1	37851U	11061B	12082.91262126	.00002418	00000-0	20234-3	0	9994
2	37851	101.7213	083.9280	0251209	236.4722	121.2252	14.79044127	21632
1	37851U	11061B	12082.98026958	+.00002431	+00000-0	+20330-3	0	9994
2	37851	101.7213	084.0265	0251210	236.2800	121.4226	14.79044507	021651
1	37851U	11061B	12083.92734617	+.00002302	+00000-0	+19315-3	0	9995
2	37851	101.7217	085.4038	0251168	233.6152	124.1641	14.79048692	021796
1	37851U	11061B	12083.99499446	.00002258	00000-0	18968-3	0	9993
2	37851	101.7218	085.5023	0251159	233.4187	124.3659	14.79048801	21791
1	37851U	11061B	12084.94207129	+.00001832	+00000-0	+15609-3	0	9990
2	37851	101.7218	086.8795	0251230	230.6922	127.1762	14.79050791	021941
1	37851U	11061B	12085.00971946	.00001841	00000-0	15681-3	0	9993
2	37851	101.7218	086.9779	0251239	230.4989	127.3756	14.79051085	21946
1	37851U	11061B	12085.95679292	+.00002052	+00000-0	+17336-3	0	9990
2	37851	101.7219	088.3555	0251262	227.8204	130.1434	14.79055807	022099
1	37851U	11061B	12086.02444059	.00002061	00000-0	17407-3	0	9999
2	37851	101.7219	088.4539	0251270	227.6273	130.3413	14.79056142	22097
1	37851U	11061B	12086.97151068	+.00002428	+00000-0	+20292-3	0	9991
2	37851	101.7220	089.8314	0251255	224.9405	133.1236	14.79062227	022247
1	37851U	11061B	12087.51269221	.00002419	00000-0	20216-3	0	9999
2	37851	101.7221	090.6183	0251290	223.3835	134.7327	14.79064937	22317
1	37851U	11061B	12087.98622679	+.00002370	+00000-0	+19824-3	0	9999
2	37851	101.7216	091.3064	0251318	222.0178	136.1502	14.79067031	022391
1	37851U	11061B	12088.52740745	.00002417	00000-0	20196-3	0	9991
2	37851	101.7220	092.0941	0251297	220.4817	137.7442	14.79069958	22464
1	37851U	11061B	12088.93329274	+.00002435	+00000-0	+20328-3	0	9993
2	37851	101.7220	092.6844	0251338	219.3172	138.9541	14.79072042	022538
1	37851U	11061B	12089.74506174	.00002484	00000-0	20715-3	0	9993
2	37851	101.7225	093.8661	0251326	216.9887	141.3755	14.79076385	22647
1	37851U	11061B	12089.94800350	+.00002561	+00000-0	+21317-3	0	9993
2	37851	101.7224	094.1614	0251353	216.4232	141.9649	14.79077829	022683
1	37851U	11061B	12090.75976990	.00002581	00000-0	21473-3	0	9993
2	37851	101.7227	095.3424	0251314	214.1102	144.3727	14.79082294	22794
1	37851U	11061B	12090.96271071	+.00002643	+00000-0	+21949-3	0	9991
2	37851	101.7227	095.6378	0251393	213.5375	144.9689	14.79083692	022838
1	37851U	11061B	12091.90976827	.00002724	00000-0	22593-3	0	9993
2	37851	101.7229	097.0155	0251280	210.8799	147.7419	14.79089433	22969
1	37851U	11061B	12091.97741464	+.00002814	+00000-0	+23299-3	0	9991
2	37851	101.7228	097.1141	0251273	210.6988	147.9311	14.79090282	022983
1	37851U	11061B	12092.99211604	+.00002723	+00000-0	+22571-3	0	9993
2	37851	101.7230	098.5898	0251347	207.7984	150.9597	14.79095657	023134
1	37851U	11061B	12093.05976255	.00002749	00000-0	22781-3	0	9992
2	37851	101.7229	098.6882	0251315	207.6081	151.1585	14.79096184	23134
1	37851U	11061B	12093.93916833	+.00002620	+00000-0	+21760-3	0	9999
2	37851	101.7227	099.9669	0251354	205.0917	153.7899	14.79100443	023277
1	37851U	11061B	12094.54798569	.00002638	00000-0	21904-3	0	9990
2	37851	101.7229	100.8528	0251274	203.3745	155.5862	14.79103876	23358
1	37851U	11061B	12094.95386418	+.00002586	+00000-0	+21484-3	0	9996
2	37851	101.7224	101.4428	0251419	202.2017	156.8166	14.79105747	023428
1	37851U	11061B	12095.90090978	.00002642	00000-0	21928-3	0	9991
2	37851	101.7224	102.8206	0251319	199.5095	159.6354	14.79111222	23559
1	37851U	11061B	12095.96855501	+.00002742	+00000-0	+22703-3	0	9991
2	37851	101.7224	102.9195	0251404	199.3306	159.8228	14.79112069	023579
1	37851U	11061B	12096.98324234	+.00002917	+00000-0	+24075-3	0	9996
2	37851	101.7224	104.3956	0251391	196.4482	162.8456	14.79118831	023725
1	37851U	11061B	12097.11853347	.00002988	00000-0	24635-3	0	9994
2	37851	101.7224	104.5924	0251350	196.0648	163.2480	14.79120029	23732
1	37851U	11061B	12097.93027951	+.00003125	+00000-0	+25713-3	0	9990
2	37851	101.7224	105.7729	0251295	193.7457	165.6814	14.79125892	023862
1	37851U	11061B	12098.53908717	.00003118	00000-0	25660-3	0	9998
2	37851	101.7226	106.6586	0251195	192.0398	167.4704	14.79129860	23946
1	37851U	11061B	12098.94495868	+.00003111	+00000-0	+25594-3	0	9990
2	37851	101.7227	107.2491	0251295	190.8825	168.6876	14.79132370	024013
1	37851U	11061B	12099.55376558	.00002877	00000-0	23768-3	0	9991
2	37851	101.7232	108.1350	0251110	189.1836	170.4708	14.79134988	24092
1	37851U	11061B	12099.95963667	+.00002761	+00000-0	+22844-3	0	9994
2	37851	101.7231	108.7254	0251239	187.9966	171.7192	14.79136639	024166
1	37851U	11061B	12100.56844171	.00002525	00000-0	21005-3	0	9998
2	37851	101.7233	109.6109	0251097	186.2941	173.5066	14.79138927	24245
1	37851U	11061B	12100.97431183	+.00002410	+00000-0	+20076-3	0	9998
2	37851	101.7231	110.2014	0251334	185.0991	174.7641	14.79140231	024313
1	37851U	11061B	12101.92133973	.00002128	00000-0	17859-3	0	9991
2	37851	101.7234	111.5789	0251363	182.4208	177.5803	14.79143299	24445
1	37851U	11061B	12101.98898412	+.00002154	+00000-0	+18057-3	0	9993
2	37851	101.7234	111.6775	0251401	182.2334	177.7771	14.79143712	024460
1	37851U	11061B	12102.93600830	+.00002103	+00000-0	+17654-3	0	9990
2	37851	101.7232	113.0545	0251360	179.5393	180.6085	14.79147788	024601
1	37851U	11061B	12103.00365257	.00002131	00000-0	17876-3	0	9997
2	37851	101.7232	113.1531	0251374	179.3495	180.8080	14.79148216	24607
1	37851U	11061B	12103.95067458	+.00002008	+00000-0	+16910-3	0	9994
2	37851	101.7235	114.5307	0251358	176.6613	183.6339	14.79151692	024756
1	37851U	11061B	12104.08596298	.00002027	00000-0	17059-3	0	9994
2	37851	101.7235	114.7276	0251356	176.2790	184.0355	14.79152353	24762
1	37851U	11061B	12104.96533774	+.00002017	+00000-0	+16984-3	0	9996
2	37851	101.7237	116.0070	0251226	173.7795	186.6632	14.79156053	024907
1	37851U	11061B	12105.57413247	.00002236	00000-0	18701-3	0	9998
2	37851	101.7237	116.8931	0251179	172.0489	188.4808	14.79159891	24986
1	37851U	11061B	12105.97999433	+.00002411	+00000-0	+20066-3	0	9990
2	37851	101.7237	117.4844	0251297	170.9285	189.6589	14.79162615	025054
1	37851U	11061B	12106.85936059	.00002681	00000-0	22193-3	0	9995
2	37851	101.7237	118.7639	0251189	168.4074	192.3065	14.79168656	25172
1	37851U	11061B	12106.92700382	+.00002699	+00000-0	+22330-3	0	9993
2	37851	101.7236	118.8622	0251173	168.2172	192.5054	14.79169136	025190
1	37851U	11061B	12107.87400843	.00002993	00000-0	24642-3	0	9992
2	37851	101.7236	120.2400	0251085	165.5245	195.3320	14.79176302	25329
1	37851U	11061B	12107.94165127	+.00003041	+00000-0	+25019-3	0	9997
2	37851	101.7235	120.3384	0251086	165.3367	195.5293	14.79176985	025344
1	37851U	11061B	12108.88865207	.00003028	00000-0	24898-3	0	9996
2	37851	101.7233	121.7156	0251233	162.6439	198.3545	14.79182935	25475
1	37851U	11061B	12108.95629456	+.00003062	+00000-0	+25163-3	0	9992
2	37851	101.7233	121.8141	0251230	162.4559	198.5515	14.79183541	025493
1	37851U	11061B	12109.90329259	.00002888	00000-0	23803-3	0	9990
2	37851	101.7230	123.1912	0251112	159.7502	201.3875	14.79188536	25623
1	37851U	11061B	12109.97093457	+.00002943	+00000-0	+24230-3	0	9992
2	37851	101.7230	123.2899	0251136	159.5758	201.5704	14.79189204	025643
1	37851U	11061B	12110.98556743	+.00003183	+00000-0	+26128-3	0	9992
2	37851	101.7231	124.7666	0250948	156.7192	204.5613	14.79196758	025793
1	37851U	11061B	12111.18849339	.00003225	00000-0	26463-3	0	9990
2	37851	101.7231	125.0618	0250885	156.1385	205.1686	14.79198337	25817
1	37851U	11061B	12111.93255359	+.00003291	+00000-0	+26982-3	0	9995
2	37851	101.7229	126.1437	0250879	154.0247	207.3800	14.79203709	025937
1	37851U	11061B	12112.54132678	.00003476	00000-0	28423-3	0	9998
2	37851	101.7229	127.0300	0250885	152.3140	209.1689	14.79208899	26016
1	37851U	11061B	12112.94717431	+.00003663	+00000-0	+29904-3	0	9991
2	37851	101.7228	127.6203	0250742	151.1449	210.3901	14.79212901	026081
1	37851U	11061B	12113.55594164	.00004075	00000-0	33153-3	0	9994
2	37851	101.7226	128.5063	0250602	149.3842	212.2256	14.79219997	26169
1	37851U	11061B	12113.96178569	+.00004214	+00000-0	+34229-3	0	9996
2	37851	101.7220	129.0959	0250672	148.2317	213.4289	14.79224222	026239
1	37851U	11061B	12114.57054903	.00004400	00000-0	35645-3	0	9999
2	37851	101.7222	129.9821	0250921	146.5144	215.2200	14.79230427	26310
1	37851U	11061B	12114.97638940	+.00004596	+00000-0	+37201-3	0	9998
2	37851	101.7221	130.5728	0250798	145.3853	216.3965	14.79235177	026383
1	37851U	11061B	12115.72042697	.00004909	00000-0	39651-3	0	9999
2	37851	101.7221	131.6557	0250743	143.2501	218.6186	14.79243946	26486
1	37851U	11061B	12115.99098363	+.00005223	+00000-0	+42127-3	0	9991
2	37851	101.7220	132.0498	0250637	142.5303	219.3681	14.79248015	026534
1	37851U	11061B	12116.87029105	.00005483	00000-0	44183-3	0	9999
2	37851	101.7201	133.3298	0250479	140.0058	221.9891	14.79260716	26656
1	37851U	11061B	12116.93792982	+.00005606	+00000-0	+45140-3	0	9997
2	37851	101.7202	133.4281	0250489	139.8198	222.1835	14.79261865	026671
1	37851U	11061B	12117.61431177	+.00006570	+00000-0	+52636-3	0	9998
2	37851	101.7209	134.4127	0250711	137.9446	224.1281	14.79273539	026770
1	37851U	11061B	12118.02013939	.00007131	00000-0	56991-3	0	9998
2	37851	101.7204	135.0022	0250834	136.8202	225.2967	14.79280653	26824
1	37851U	11061B	12118.96706803	+.00006164	+00000-0	+49414-3	0	9997
2	37851	101.7204	136.3799	0250789	134.1056	228.1081	14.79290337	026971
1	37851U	11061B	12119.10234266	.00006190	00000-0	49619-3	0	9999
2	37851	101.7204	136.5767	0250771	133.7170	228.5098	14.79292134	26981
1	37851U	11061B	12119.98162745	+.00005317	+00000-0	+42832-3	0	9997
2	37851	101.7206	137.8566	0250453	131.1734	231.1365	14.79299101	027124
1	37851U	11061B	12120.18453783	.00005346	00000-0	43059-3	0	9990
2	37851	101.7206	138.1518	0250442	130.5988	231.7295	14.79301433	27149
1	37851U	11061B	12120.92854100	+.00005081	+00000-0	+40976-3	0	9991
2	37851	101.7210	139.2340	0250438	128.4917	233.9032	14.79308285	027260
1	37851U	11061B	12121.19908660	.00005031	00000-0	40574-3	0	9991
2	37851	101.7210	139.6274	0250440	127.7167	234.7018	14.79310865	27295
1	37851U	11061B	12121.94308494	+.00004739	+00000-0	+38332-3	0	9996
2	37851	101.7211	140.7099	0250138	125.5959	236.8827	14.79316986	027418
1	37851U	11061B	12122.21362842	.00004766	00000-0	38546-3	0	9991
2	37851	101.7211	141.1036	0250096	124.8144	237.6862	14.79319751	27449
1	37851U	11061B	12122.95762080	+.00004568	+00000-0	+36987-3	0	9997
2	37851	101.7215	142.1861	0250092	122.7243	239.8331	14.79325863	027562
1	37851U	11061B	12123.56633899	.00004421	00000-0	35845-3	0	9990
2	37851	101.7214	143.0714	0249998	120.9844	241.6152	14.79330829	27647
1	37851U	11061B	12123.97215063	+.00004315	+00000-0	+35016-3	0	9996
2	37851	101.7213	143.6614	0249932	119.8404	242.7901	14.79333907	027710
1	37851U	11061B	12124.91903787	.00004232	00000-0	34362-3	0	9999
2	37851	101.7214	145.0388	0249900	117.1451	245.5469	14.79341804	27842
1	37851U	11061B	12124.98667217	+.00004273	+00000-0	+34688-3	0	9997
2	37851	101.7214	145.1373	0249851	116.9441	245.7516	14.79342627	027869
1	37851U	11061B	12125.93355307	+.00004164	+00000-0	+33838-3	0	9992
2	37851	101.7215	146.5146	0249768	114.2363	248.5151	14.79350299	028001
1	37851U	11061B	12126.06882126	.00004164	00000-0	33838-3	0	9991
2	37851	101.7214	146.7116	0249734	113.8321	248.9265	14.79351455	28017
1	37851U	11061B	12126.94806144	+.00004088	+00000-0	+33250-3	0	9997
2	37851	101.7214	147.9904	0249636	111.3185	251.4858	14.79358577	028151
1	37851U	11061B	12127.08332838	.00004125	00000-0	33540-3	0	9991
2	37851	101.7213	148.1877	0249605	110.9170	251.8929	14.79359880	28169
1	37851U	11061B	12127.96256202	+.00004139	+00000-0	+33647-3	0	9991
2	37851	101.7212	149.4663	0249579	108.4235	254.4275	14.79367424	028301
1	37851U	11061B	12128.09782790	.00004177	00000-0	33952-3	0	9993
2	37851	101.7210	149.6631	0249565	108.0292	254.8265	14.79368794	28315
1	37851U	11061B	12128.70652359	+.00004247	+00000-0	+34478-3	0	9990
2	37851	101.7214	150.5489	0249674	106.3185	256.5624	14.79374407	028411
1	37851U	11061B	12129.51811353	.00004327	00000-0	35110-3	0	9994
2	37851	101.7218	151.7299	0249591	103.9918	258.9161	14.79382010	28525
1	37851U	11061B	12129.99153961	+.00004266	+00000-0	+34634-3	0	9992
2	37851	101.7218	152.4186	0249568	102.6363	260.2859	14.79385840	028605
1	37851U	11061B	12130.53259531	.00004312	00000-0	34980-3	0	9990
2	37851	101.7216	153.2056	0249593	101.0860	261.8506	14.79390845	28675
1	37851U	11061B	12130.93838636	+.00004241	+00000-0	+34435-3	0	9999
2	37851	101.7217	153.7958	0249515	099.9152	263.0308	14.79394037	028744
1	37851U	11061B	12131.61469994	+.00004415	+00000-0	+35785-3	0	9994
2	37851	101.7218	154.7804	0249589	098.0160	264.9435	14.79400897	028840
1	37851U	11061B	12132.02048532	.00004744	00000-0	38397-3	0	9998
2	37851	101.7216	155.3711	0249354	096.7939	266.1710	14.79406467	28895
1	37851U	11061B	12132.62916104	+.00004968	+00000-0	+40099-3	0	9993
2	37851	101.7210	156.2559	0249629	095.1498	267.8238	14.79413602	028990
1	37851U	11061B	12133.10257233	.00005313	00000-0	42820-3	0	9997
2	37851	101.7207	156.9449	0249487	093.7685	269.2081	14.79420411	29051
1	37851U	11061B	12133.98176125	+.00005539	+00000-0	+44580-3	0	9998
2	37851	101.7204	158.2236	0249487	091.2543	271.7276	14.79431336	029190
1	37851U	11061B	12134.52279558	.00005702	00000-0	45852-3	0	9998
2	37851	101.7205	159.0109	0249469	089.7224	273.2559	14.79438436	29264
1	37851U	11061B	12134.99619969	+.00005699	+00000-0	+45839-3	0	9993
2	37851	101.7207	159.6998	0249412	088.3689	274.6063	14.79443906	029348
1	37851U	11061B	12135.53722930	.00005824	00000-0	46825-3	0	9993
2	37851	101.7208	160.4876	0249334	086.8301	276.1391	14.79450925	29419
1	37851U	11061B	12135.80774370	+.00005782	+00000-0	+46491-3	0	9990
2	37851	101.7210	160.8811	0249312	086.0612	276.9043	14.79453889	029467
1	37851U	11061B	12136.55165409	.00005808	00000-0	46695-3	0	9995
2	37851	101.7210	161.9635	0249251	083.9331	279.0200	14.79462858	29565
1	37851U	11061B	12136.95742170	+.00005776	+00000-0	+46443-3	0	9990
2	37851	101.7211	162.5537	0249227	082.7773	280.1684	14.79467472	029638
1	37851U	11061B	12137.56606923	.00005834	00000-0	46897-3	0	9991
2	37851	101.7209	163.4392	0249193	081.0256	281.9047	14.79475046	29711
1	37851U	11061B	12137.83657851	+.00005834	+00000-0	+46897-3	0	9997
2	37851	101.7209	163.8327	0249185	080.2561	282.6681	14.79478271	029764
1	37851U	11061B	12138.58047505	.00005818	00000-0	46758-3	0	9997
2	37851	101.7209	164.9149	0249172	078.1522	284.7498	14.79487008	29865
1	37851U	11061B	12138.98623478	+.00005841	+00000-0	+46945-3	0	9994
2	37851	101.7208	165.5049	0249139	076.9912	285.8983	14.79491963	029936
1	37851U	11061B	12139.86537349	.00006053	00000-0	48586-3	0	9992
2	37851	101.7205	166.7838	0249138	074.5392	288.3173	14.79503686	30057
1	37851U	11061B	12139.93299907	+.00006069	+00000-0	+48715-3	0	9996
2	37851	101.7204	166.8821	0249109	074.3461	288.5069	14.79504615	030073
1	37851U	11061B	12140.94738051	+.00006187	+00000-0	+49641-3	0	9997
2	37851	101.7205	168.3581	0249036	071.4618	291.3472	14.79517904	030227
1	37851U	11061B	12141.08262992	.00006274	00000-0	50330-3	0	9993
2	37851	101.7205	168.5553	0248978	071.0642	291.7366	14.79520067	30236
1	37851U	11061B	12141.96175132	+.00006267	+00000-0	+50267-3	0	9990
2	37851	101.7206	169.8343	0248953	068.5507	294.2048	14.79531258	030376
1	37851U	11061B	12142.09699948	.00006377	00000-0	51121-3	0	9993
2	37851	101.7204	170.0314	0248968	068.1423	294.6052	14.79533578	30382
1	37851U	11061B	12142.97611227	+.00006271	+00000-0	+50298-3	0	9991
2	37851	101.7206	171.3103	0248875	065.6491	297.0475	14.79544348	030527
1	37851U	11061B	12143.11135944	.00006288	00000-0	50430-3	0	9991
2	37851	101.7206	171.5073	0248872	065.2628	297.4246	14.79546142	30535
1	37851U	11061B	12143.92284065	+.00006209	+00000-0	+49808-3	0	9999
2	37851	101.7206	172.6876	0248812	062.9626	299.6737	14.79556078	030666
1	37851U	11061B	12144.19333265	.00006237	00000-0	50011-3	0	9995
2	37851	101.7205	173.0812	0248844	062.1854	300.4322	14.79559660	30694
1	37851U	11061B	12144.86955993	+.00006157	+00000-0	+49380-3	0	9995
2	37851	101.7182	174.0644	0248845	060.2624	302.3086	14.79568130	030800
1	37851U	11061B	12145.68102623	.00006212	00000-0	49797-3	0	9994
2	37851	101.7186	175.2452	0248808	057.9623	304.5482	14.79578754	30914
1	37851U	11061B	12145.95151378	+.00006221	+00000-0	+49869-3	0	9995
2	37851	101.7186	175.6386	0248802	057.1903	305.2997	14.79582248	030968
1	37851U	11061B	12146.89821302	.00006306	00000-0	50541-3	0	9993
2	37851	101.7192	177.0170	0248686	054.4819	307.9307	14.79595017	31095
1	37851U	11061B	12146.96583402	+.00006310	+00000-0	+50568-3	0	9991
2	37851	101.7191	177.1153	0248692	054.2895	308.1168	14.79595914	031112
1	37851U	11061B	12147.98014565	+.00006279	+00000-0	+50301-3	0	9992
2	37851	101.7193	178.5922	0248721	051.3794	310.9385	14.79608764	031268
1	37851U	11061B	12148.18300810	.00006067	00000-0	48630-3	0	9993
2	37851	101.7192	178.8878	0248794	050.8151	311.4850	14.79610119	31283
1	37851U	11061B	12148.92683100	+.00005857	+00000-0	+46988-3	0	9991
2	37851	101.7190	179.9700	0248741	048.6517	313.5783	14.79618074	031400
1	37851U	11061B	12149.53541150	.00005518	00000-0	44318-3	0	9996
2	37851	101.7193	180.8561	0248781	046.8851	315.2861	14.79623240	31489
1	37851U	11061B	12149.94113076	+.00005177	+00000-0	+41674-3	0	9996
2	37851	101.7197	181.4468	0248642	045.7851	316.3463	14.79625719	031551
1	37851U	11061B	12150.54970682	.00004967	00000-0	40020-3	0	9998
2	37851	101.7193	182.3320	0248644	044.0666	318.0041	14.79630856	31630
1	37851U	11061B	12150.68494564	+.00004917	+00000-0	+39634-3	0	9997
2	37851	101.7195	182.5289	0248623	043.6876	318.3697	14.79631934	031664
1	37851U	11061B	12151.56399658	.00004471	00000-0	36130-3	0	9996
2	37851	101.7195	183.8083	0248659	041.2115	320.7548	14.79637762	31789
1	37851U	11061B	12151.96971071	+.00004311	+00000-0	+34882-3	0	9990
2	37851	101.7195	184.3989	0248639	040.0206	321.9011	14.79640498	031852
1	37851U	11061B	12152.57827952	.00004213	00000-0	34103-3	0	9993
2	37851	101.7195	185.2844	0248687	038.3007	323.5565	14.79645217	31939
1	37851U	11061B	12152.91637187	+.00004171	+00000-0	+33775-3	0	9997
2	37851	101.7195	185.7764	0248673	037.3282	324.4906	14.79647896	031994
1	37851U	11061B	12153.86302630	.00004173	00000-0	33776-3	0	9997
2	37851	101.7192	187.1537	0248747	034.6160	327.0953	14.79656072	32125
1	37851U	11061B	12154.87729246	.00004122	00000-0	33380-3	0	9990
2	37851	101.7193	188.6297	0248687	031.7346	329.8573	14.79664431	32274
1	37851U	11061B	12154.94490990	+.00004125	+00000-0	+33405-3	0	9990
2	37851	101.7193	188.7280	0248675	031.5438	330.0399	14.79665024	032295
1	37851U	11061B	12155.75631687	+.00004201	+00000-0	+34001-3	0	9998
2	37851	101.7195	189.9087	0248627	029.2486	332.2373	14.79672424	032411
1	37851U	11061B	12156.09440027	.00004434	00000-0	35814-3	0	9993
2	37851	101.7196	190.4014	0248643	028.2353	333.2070	14.79676737	32459
1	37851U	11061B	12156.97341667	+.00004541	+00000-0	+36649-3	0	9996
2	37851	101.7201	191.6809	0248569	025.7880	335.5475	14.79685354	032599
1	37851U	11061B	12157.24387943	.00004926	00000-0	39624-3	0	9997
2	37851	101.7199	192.0750	0248758	024.9153	336.3818	14.79690320	32622
1	37851U	11061B	12157.98765476	+.00005144	+00000-0	+41315-3	0	9992
2	37851	101.7200	193.1571	0248787	022.8278	338.3763	14.79699176	032747
1	37851U	11061B	12158.52857776	.00005434	00000-0	43566-3	0	9990
2	37851	101.7199	193.9445	0248809	021.2549	339.8780	14.79706805	32812
1	37851U	11061B	12158.93426869	+.00005614	+00000-0	+44953-3	0	9991
2	37851	101.7198	194.5346	0248858	020.1067	340.9736	14.79712399	032881
1	37851U	11061B	12159.81326015	.00005836	00000-0	46720-3	0	9991
2	37851	101.7200	195.8142	0248623	017.6272	343.3360	14.79723986	33001
1	37851U	11061B	12159.94848940	+.00005826	+00000-0	+46641-3	0	9992
2	37851	101.7200	196.0109	0248608	017.2449	343.7005	14.79725541	033034
1	37851U	11061B	12160.96270360	+.00005783	+00000-0	+46298-3	0	9991
2	37851	101.7201	197.4869	0248561	014.3607	346.4491	14.79737382	033186
1	37851U	11061B	12161.09793185	.00005733	00000-0	45908-3	0	9993
2	37851	101.7201	197.6841	0248566	013.9830	346.8086	14.79738636	33194
1	37851U	11061B	12161.97691047	+.00005492	+00000-0	+44030-3	0	9991
2	37851	101.7202	198.9628	0248472	011.4727	349.1945	14.79747508	033330
1	37851U	11061B	12162.11213858	.00005425	00000-0	43521-3	0	9998
2	37851	101.7203	199.1600	0248417	011.0968	349.5561	14.79748576	33341
1	37851U	11061B	12162.85588549	+.00005275	+00000-0	+42335-3	0	9996
2	37851	101.7202	200.2420	0248456	008.9399	351.6098	14.79755993	033463
1	37851U	11061B	12163.12633952	.00005045	00000-0	40536-3	0	9992
2	37851	101.7204	200.6364	0248466	008.2003	352.3140	14.79757446	33496
1	37851U	11061B	12163.93769469	+.00004830	+00000-0	+38864-3	0	9996
2	37851	101.7207	201.8171	0248404	005.8661	354.5342	14.79764576	033628
1	37851U	11061B	12164.20814616	.00004694	00000-0	37810-3	0	9990
2	37851	101.7209	202.2112	0248339	005.1088	355.2547	14.79766405	33654
1	37851U	11061B	12164.95188352	+.00004650	+00000-0	+37461-3	0	9997
2	37851	101.7207	203.2932	0248313	002.9873	357.2737	14.79773343	033777
1	37851U	11061B	12165.56039292	.00004666	00000-0	37582-3	0	9994
2	37851	101.7207	204.1787	0248330	001.2556	358.9210	14.79779264	33855
1	37851U	11061B	12165.62800507	+.00004588	+00000-0	+36963-3	0	9991
2	37851	101.7207	204.2771	0248396	001.0488	359.1155	14.79779493	033870
1	37851U	11061B	12166.57457112	.00004560	00000-0	36733-3	0	9991
2	37851	101.7209	205.6549	0248431	358.3542	001.6807	14.79788231	34008
1	37851U	11061B	12166.98024102	+.00004496	+00000-0	+36222-3	0	9996
2	37851	101.7208	206.2451	0248445	357.1897	002.7894	14.79791640	034074
1	37851U	11061B	12167.72396568	.00004427	00000-0	35677-3	0	9994
2	37851	101.7211	207.3283	0248457	355.0585	004.8159	14.79798063	34171
1	37851U	11061B	12168.94096380	+.00004228	+00000-0	+34126-3	0	9995
2	37851	101.7212	209.0997	0248437	351.5923	008.1131	14.79807862	034364
1	37851U	11061B	12169.07618671	.00004055	00000-0	32789-3	0	9994
2	37851	101.7215	209.2971	0248353	351.2206	008.4684	14.79807946	34379
1	37851U	11061B	12170.09034591	.00003858	00000-0	31269-3	0	9993
2	37851	101.7218	210.7735	0248184	348.3303	011.2197	14.79815269	34529
1	37851U	11061B	12170.96927978	+.00003812	+00000-0	+30901-3	0	9991
2	37851	101.7217	212.0524	0248197	345.8243	013.6075	14.79822099	034663
1	37851U	11061B	12171.23972022	.00003783	00000-0	30671-3	0	9993
2	37851	101.7217	212.4463	0248237	345.0636	014.3313	14.79824064	34692
1	37851U	11061B	12171.98343012	+.00003569	+00000-0	+29011-3	0	9994
2	37851	101.7215	213.5282	0248149	342.9454	016.3512	14.79829063	034818
1	37851U	11061B	12172.52430767	.00003692	00000-0	29972-3	0	9992
2	37851	101.7215	214.3162	0248110	341.4062	017.8190	14.79833452	34883
1	37851U	11061B	12172.86235797	+.00002860	+00000-0	+23484-3	0	9993
2	37851	101.7215	214.8080	0248056	340.4652	018.7168	14.79832941	034944
1	37851U	11061B	12173.80889142	.00002813	00000-0	23087-3	0	9994
2	37851	101.7212	216.1858	0248345	337.7426	021.3134	14.79838722	35079
1	37851U	11061B	12174.82303333	.00002271	00000-0	18881-3	0	9994
2	37851	101.7214	217.6631	0248140	334.8459	024.0797	14.79841630	35227
1	37851U	11061B	12175.83717455	.00002301	00000-0	19102-3	0	9991
2	37851	101.7167	219.1370	0248275	331.9572	026.8404	14.79845604	35370
1	37851U	11061B	12175.97239345	+.00002294	+00000-0	+19050-3	0	9996
2	37851	101.7166	219.3338	0248270	331.5742	027.2094	14.79846217	035400
1	37851U	11061B	12176.85131630	.00001849	00000-0	15581-3	0	9992
2	37851	101.7163	220.6118	0248227	329.0986	029.5783	14.79847293	35520
1	37851U	11061B	12176.98653500	+.00001799	+00000-0	+15198-3	0	9999
2	37851	101.7164	220.8085	0248153	328.7150	029.9461	14.79847510	035555
1	37851U	11061B	12177.66262804	+.00001601	+00000-0	+13639-3	0	9998
2	37851	101.7166	221.7933	0248483	326.7935	031.7859	14.79848869	035655
1	37851U	11061B	12178.13589318	.00001442	00000-0	12405-3	0	9996
2	37851	101.7166	222.4826	0248339	325.4579	033.0690	14.79849521	35715
1	37851U	11061B	12178.81198495	+.00001165	+00000-0	+10259-3	0	9990
2	37851	101.7165	223.4665	0248144	323.5018	034.9444	14.79850035	035828
1	37851U	11061B	12179.15003106	.00001191	00000-0	10458-3	0	9992
2	37851	101.7164	223.9591	0248180	322.5408	035.8714	14.79851065	35860
1	37851U	11061B	12179.96134089	+.00001030	+00000-0	+92042-4	0	9998
2	37851	101.7165	225.1396	0248089	320.2169	038.1063	14.79852252	035991
1	37851U	11061B	12180.43460358	.00001186	00000-0	10421-3	0	9995
2	37851	101.7162	225.8281	0248098	318.8768	039.3970	14.79854320	36052
1	37851U	11061B	12180.84025813	+.00001060	+00000-0	+94409-4	0	9993
2	37851	101.7157	226.4177	0248091	317.7205	040.5088	14.79854712	036121
1	37851U	11061B	12181.44873897	.00001147	00000-0	10117-3	0	9992
2	37851	101.7160	227.3034	0248130	315.9962	042.1722	14.79856675	36203
1	37851U	11061B	12181.85439355	+.00000991	+00000-0	+89018-4	0	9997
2	37851	101.7162	227.8941	0248083	314.8463	043.2804	14.79856773	036277
1	37851U	11061B	12182.46287377	.00001106	00000-0	97946-4	0	9998
2	37851	101.7162	228.7795	0248145	313.1223	044.9456	14.79858869	36357
1	37851U	11061B	12182.86852800	+.00001000	+00000-0	+89758-4	0	9996
2	37851	101.7165	229.3704	0248109	311.9698	046.0597	14.79859209	036425
1	37851U	11061B	12183.81503950	.00001210	00000-0	10607-3	0	9990
2	37851	101.7168	230.7486	0248147	309.2831	048.6588	14.79862746	36554
1	37851U	11061B	12184.82916810	.00001581	00000-0	13504-3	0	9995
2	37851	101.7169	232.2252	0248116	306.3836	051.4697	14.79868025	36708
1	37851U	11061B	12184.96438545	+.00001594	+00000-0	+13602-3	0	9997
2	37851	101.7169	232.4219	0248128	306.0013	051.8411	14.79868566	036731
1	37851U	11061B	12185.70807822	+.00001833	+00000-0	+15461-3	0	9999
2	37851	101.7171	233.5047	0248122	303.8797	053.9018	14.79872702	036848
1	37851U	11061B	12186.92502935	+.00001917	+00000-0	+16131-3	0	9999
2	37851	101.7171	235.2757	0247959	300.4043	057.2862	14.79878153	037020
1	37851U	11061B	12187.12785393	.00001964	00000-0	16488-3	0	9990
2	37851	101.7172	235.5710	0247996	299.8257	057.8493	14.79879255	37044
1	37851U	11061B	12187.87154534	+.00001902	+00000-0	+16008-3	0	9999
2	37851	101.7173	236.6534	0247957	297.7075	059.9159	14.79882007	037167
1	37851U	11061B	12188.14197780	.00001982	00000-0	16625-3	0	9993
2	37851	101.7175	237.0481	0248037	296.9393	060.6663	14.79883498	37196
1	37851U	11061B	12188.88566845	+.00001866	+00000-0	+15719-3	0	9990
2	37851	101.7174	238.1304	0248074	294.8368	062.7216	14.79885974	037313
1	37851U	11061B	12189.15610011	.00001994	00000-0	16714-3	0	9994
2	37851	101.7176	238.5251	0248140	294.0678	063.4739	14.79887717	37348
1	37851U	11061B	12189.96739625	+.00002047	+00000-0	+17135-3	0	9994
2	37851	101.7175	239.7053	0248021	291.7469	065.7499	14.79891518	037476
1	37851U	11061B	12190.17021969	.00002117	00000-0	17677-3	0	9993
2	37851	101.7176	240.0015	0248058	291.1740	066.3115	14.79892720	37496
1	37851U	11061B	12190.84629854	+.00002070	+00000-0	+17313-3	0	9999
2	37851	101.7173	240.9848	0247954	289.2397	068.2104	14.79895557	037609
1	37851U	11061B	12191.18433792	.00002092	00000-0	17483-3	0	9993
2	37851	101.7173	241.4771	0247951	288.2731	069.1627	14.79897146	37648
1	37851U	11061B	12191.86041697	+.00001894	+00000-0	+15942-3	0	9994
2	37851	101.7172	242.4607	0247904	286.3381	071.0676	14.79898997	037757
1	37851U	11061B	12192.67170956	.00001976	00000-0	16581-3	0	9996
2	37851	101.7175	243.6420	0247880	284.0206	073.3547	14.79902757	37864
1	37851U	11061B	12192.94214033	+.00001999	+00000-0	+16761-3	0	9996
2	37851	101.7175	244.0355	0247896	283.2573	074.1093	14.79904038	037916
1	37851U	11061B	12193.82103815	.00002075	00000-0	17352-3	0	9992
2	37851	101.7176	245.3153	0247847	280.7534	076.5845	14.79908335	38031
1	37851U	11061B	12193.95625336	+.00002075	+00000-0	+17355-3	0	9996
2	37851	101.7176	245.5120	0247845	280.3673	076.9677	14.79908934	038060
1	37851U	11061B	12194.97036285	+.00002327	+00000-0	+19312-3	0	9993
2	37851	101.7176	246.9888	0247906	277.4793	079.8307	14.79915142	038212
1	37851U	11061B	12195.03797013	.00002337	00000-0	19391-3	0	9992
2	37851	101.7176	247.0871	0247912	277.2880	080.0206	14.79915537	38218
1	37851U	11061B	12195.78164845	+.00002510	+00000-0	+20738-3	0	9995
2	37851	101.7185	248.1714	0247892	275.1959	082.0977	14.79920184	038331
1	37851U	11061B	12196.11968476	.00002465	00000-0	20388-3	0	9995
2	37851	101.7185	248.6635	0247866	274.2217	083.0693	14.79921687	38375
1	37851U	11061B	12196.93097151	+.00002156	+00000-0	+17978-3	0	9996
2	37851	101.7183	249.8434	0247818	271.8829	085.3993	14.79924079	038503
1	37851U	11061B	12197.13379334	.00002096	00000-0	17518-3	0	9998
2	37851	101.7183	250.1387	0247773	271.2894	085.9931	14.79924645	38520
1	37851U	11061B	12197.87747362	+.00001655	+00000-0	+14082-3	0	9992
2	37851	101.7183	251.2204	0247701	269.1819	088.0978	14.79925666	038646
1	37851U	11061B	12198.14790208	.00001694	00000-0	14388-3	0	9992
2	37851	101.7184	251.6142	0247714	268.4121	088.8693	14.79926794	38672
1	37851U	11061B	12198.89157995	+.00001530	+00000-0	+13111-3	0	9996
2	37851	101.7185	252.6967	0247647	266.2673	091.0165	14.79928802	038797
1	37851U	11061B	12199.16200634	.00002026	00000-0	16961-3	0	9993
2	37851	101.7185	253.0912	0247814	265.5269	091.7585	14.79931582	38827
1	37851U	11061B	12199.83807441	+.00002259	+00000-0	+18792-3	0	9998
2	37851	101.7182	254.0752	0247584	263.5824	093.7112	14.79935549	038933
1	37851U	11061B	12200.17610671	.00002755	00000-0	22642-3	0	9995
2	37851	101.7181	254.5680	0247747	262.5656	094.7334	14.79938820	38976
1	37851U	11061B	12200.85217352	+.00002475	+00000-0	+20463-3	0	9997
2	37851	101.7180	255.5518	0247690	260.6392	096.6710	14.79941885	039086
1	37851U	11061B	12201.39302569	.00002705	00000-0	22253-3	0	9997
2	37851	101.7178	256.3387	0247727	259.1066	098.2163	14.79945661	39152
1	37851U	11061B	12201.86627324	+.00001823	+00000-0	+15379-3	0	9999
2	37851	101.7192	257.0301	0247739	257.7197	099.6146	14.79944251	039233
1	37851U	11061B	12202.47473276	.00001928	00000-0	16201-3	0	9993
2	37851	101.7188	257.9151	0247724	256.0001	101.3553	14.79947197	39314
1	37851U	11061B	12202.88037407	+.00001274	+00000-0	+11102-3	0	9999
2	37851	101.7186	258.5050	0247653	254.8483	102.5189	14.79945899	039380
1	37851U	11061B	12203.75926220	.00000779	00000-0	72440-4	0	9998
2	37851	101.7185	259.7836	0247726	252.3593	105.0413	14.79946069	39502
1	37851U	11061B	12204.77336276	.00000744	00000-0	69679-4	0	9999
2	37851	101.7181	261.2595	0247746	249.4998	107.9452	14.79947856	39651
1	37851U	11061B	12205.78746272	.00000786	00000-0	72940-4	0	9993
2	37851	101.7177	262.7355	0247811	246.6095	110.8864	14.79949976	39808
1	37851U	11061B	12206.86916873	.00000925	00000-0	83752-4	0	9997
2	37851	101.7174	264.3096	0247869	243.4941	114.0654	14.79952830	39966
1	37851U	11061B	12207.74805367	+.00001121	+00000-0	+98999-4	0	9998
2	37851	101.7172	265.5888	0247902	241.0034	116.6121	14.79955847	040107
1	37851U	11061B	12208.15369290	.00001158	00000-0	10186-3	0	9995
2	37851	101.7173	266.1797	0247883	239.8567	117.7858	14.79957000	40155
1	37851U	11061B	12208.69454590	+.00000965	+00000-0	+86822-4	0	9998
2	37851	101.7174	266.9666	0247917	238.3404	119.3380	14.79957445	040242
1	37851U	11061B	12209.16779219	.00000999	00000-0	89407-4	0	9998
2	37851	101.7174	267.6558	0247911	236.9994	120.7160	14.79958615	40301
1	37851U	11061B	12209.77625157	+.00000925	+00000-0	+83676-4	0	9997
2	37851	101.7174	268.5412	0247936	235.2572	122.5057	14.79959610	040403
1	37851U	11061B	12210.18189052	.00001010	00000-0	90304-4	0	9995
2	37851	101.7173	269.1319	0247919	234.1218	123.6732	14.79960901	40453
1	37851U	11061B	12210.85795535	+.00001130	+00000-0	+99617-4	0	9997
2	37851	101.7174	270.1161	0247907	232.1860	125.6668	14.79963090	040563
1	37851U	11061B	12211.80444318	.00001517	00000-0	12966-3	0	9993
2	37851	101.7173	271.4942	0247967	229.4750	128.4620	14.79967805	40697
1	37851U	11061B	12212.75092869	+.00001874	+00000-0	+15735-3	0	9991
2	37851	101.7171	272.8719	0247979	226.7669	131.2590	14.79973180	040842
1	37851U	11061B	12213.15656351	.00002180	00000-0	18117-3	0	9996
2	37851	101.7171	273.4627	0247984	225.6314	132.4333	14.79976510	40891
1	37851U	11061B	12213.76501694	+.00002309	+00000-0	+19120-3	0	9990
2	37851	101.7169	274.3481	0247920	223.8885	134.2389	14.79980088	040996
1	37851U	11061B	12214.17065158	.00002401	00000-0	19830-3	0	9997
2	37851	101.7170	274.9388	0247949	222.7431	135.4253	14.79982547	41048
1	37851U	11061B	12214.77910314	+.00002449	+00000-0	+20203-3	0	9994
2	37851	101.7170	275.8244	0247960	220.9932	137.2392	14.79985904	041143
1	37851U	11061B	12215.18473679	.00002524	00000-0	20781-3	0	9993
2	37851	101.7171	276.4152	0247990	219.8543	138.4216	14.79988385	41196
1	37851U	11061B	12215.86079152	+.00002650	+00000-0	+21759-3	0	9992
2	37851	101.7170	277.3993	0247908	217.9147	140.4348	14.79992712	041307
1	37851U	11061B	12216.19881793	.00002823	00000-0	23100-3	0	9995
2	37851	101.7169	277.8918	0247972	216.9833	141.4049	14.79995518	41349
1	37851U	11061B	12216.73965927	+.00003081	+00000-0	+25097-3	0	9991
2	37851	101.7167	278.6789	0247994	215.4081	143.0437	14.80000090	041438
1	37851U	11061B	12217.21289338	.00003371	00000-0	27343-3	0	9998
2	37851	101.7165	279.3680	0247980	214.0925	144.4133	14.80004741	41492
1	37851U	11061B	12217.82133626	+.00003602	+00000-0	+29132-3	0	9998
2	37851	101.7162	280.2531	0247999	212.3202	146.2592	14.80010362	041590
1	37851U	11061B	12218.22696444	.00003631	00000-0	29357-3	0	9996
2	37851	101.7162	280.8435	0247982	211.1702	147.4586	14.80013550	41647
1	37851U	11061B	12218.90301019	+.00003536	+00000-0	+28602-3	0	9998
2	37851	101.7160	281.8269	0248068	209.2153	149.4962	14.80018121	041756
1	37851U	11061B	12219.78186707	.00003497	00000-0	28294-3	0	9993
2	37851	101.7160	283.1060	0248040	206.7296	152.0939	14.80024396	41878
1	37851U	11061B	12219.91707550	+.00003489	+00000-0	+28236-3	0	9990
2	37851	101.7160	283.3028	0248050	206.3419	152.4989	14.80025336	041906
1	37851U	11061B	12220.72832353	+.00003620	+00000-0	+29253-3	0	9998
2	37851	101.7160	284.4840	0247943	204.0495	154.8959	14.80031985	042023
1	37851U	11061B	12221.13394593	.00003801	00000-0	30666-3	0	9994
2	37851	101.7159	285.0748	0247882	202.9226	156.0768	14.80035979	42070
1	37851U	11061B	12221.74237755	+.00004012	+00000-0	+32295-3	0	9992
2	37851	101.7157	285.9602	0247883	201.1675	157.9128	14.80041917	042176
1	37851U	11061B	12222.14799663	.00004290	00000-0	34464-3	0	9996
2	37851	101.7156	286.5509	0247745	200.0549	159.0792	14.80046801	42226
1	37851U	11061B	12222.82402653	+.00004539	+00000-0	+36385-3	0	9991
2	37851	101.7155	287.5350	0247805	198.0920	161.1338	14.80054169	042334
1	37851U	11061B	12223.16204072	.00004608	00000-0	36921-3	0	9997
2	37851	101.7155	288.0271	0247768	197.1402	162.1318	14.80057690	42370
1	37851U	11061B	12223.77046522	+.00004569	+00000-0	+36614-3	0	9993
2	37851	101.7155	288.9124	0247755	195.4100	163.9456	14.80063261	042472
1	37851U	11061B	12224.17608027	.00004565	00000-0	36590-3	0	9991
2	37851	101.7155	289.5030	0247658	194.2562	165.1548	14.80067037	42523
1	37851U	11061B	12224.78450299	+.00004233	+00000-0	+33999-3	0	9996
2	37851	101.7156	290.3881	0247732	192.5321	166.9637	14.80070874	042627
1	37851U	11061B	12225.19011676	.00004164	00000-0	33469-3	0	9999
2	37851	101.7157	290.9790	0247656	191.3596	168.1938	14.80073977	42679
1	37851U	11061B	12225.79853671	+.00003803	+00000-0	+30659-3	0	9991
2	37851	101.7158	291.8642	0247722	189.6425	169.9961	14.80077205	042775
1	37851U	11061B	12226.20414860	.00003779	00000-0	30458-3	0	9990
2	37851	101.7158	292.4549	0247782	188.4767	171.2208	14.80080195	42828
1	37851U	11061B	12226.88016655	+.00003650	+00000-0	+29422-3	0	9991
2	37851	101.7155	293.4384	0248008	186.5215	173.2729	14.80084749	042933
1	37851U	11061B	12227.21817402	.00003788	00000-0	30486-3	0	9992
2	37851	101.7155	293.9308	0248048	185.5594	174.2842	14.80087999	42978
1	37851U	11061B	12227.89418765	+.00003836	+00000-0	+30841-3	0	9994
2	37851	101.7157	294.9148	0248111	183.6074	176.3336	14.80093597	043081
1	37851U	11061B	12228.23219361	.00003875	00000-0	31143-3	0	9993
2	37851	101.7157	295.4068	0248130	182.6481	177.3423	14.80096481	43128
1	37851U	11061B	12228.90820404	+.00003863	+00000-0	+31078-3	0	9997
2	37851	101.7156	296.3907	0247874	180.7121	179.3752	14.80101957	043237
1	37851U	11061B	12229.92221745	+.00003444	+00000-0	+27839-3	0	9998
2	37851	101.7159	297.8665	0247738	177.8198	182.4137	14.80107702	043389
1	37851U	11061B	12230.46302217	.00003351	00000-0	27106-3	0	9997
2	37851	101.7160	298.6541	0247812	176.2787	184.0325	14.80111015	43450
1	37851U	11061B	12230.86862638	+.00002975	+00000-0	+24191-3	0	9991
2	37851	101.7159	299.2440	0247843	175.1298	185.2375	14.80111796	043524
1	37851U	11061B	12231.47702956	.00003037	00000-0	24668-3	0	9994
2	37851	101.7159	300.1302	0247795	173.4017	187.0547	14.80115876	43602
1	37851U	11061B	12231.88263161	+.00002768	+00000-0	+22582-3	0	9992
2	37851	101.7160	300.7203	0247829	172.2599	188.2519	14.80117001	043671
1	37851U	11061B	12232.49103179	.00002941	00000-0	23928-3	0	9990
2	37851	101.7158	301.6062	0247734	170.5370	190.0624	14.80121504	43754
1	37851U	11061B	12232.89663143	+.00002885	+00000-0	+23490-3	0	9997
2	37851	101.7158	302.1964	0247744	169.3839	191.2723	14.80123705	043824
1	37851U	11061B	12233.50502816	.00003162	00000-0	25644-3	0	9997
2	37851	101.7155	303.0820	0247635	167.6403	193.1029	14.80128917	43908
1	37851U	11061B	12233.91062552	+.00003123	+00000-0	+25334-3	0	9993
2	37851	101.7154	303.6721	0247660	166.4813	194.3179	14.80131396	043974
1	37851U	11061B	12234.78941685	.00003130	00000-0	25382-3	0	9993
2	37851	101.7153	304.9512	0247652	163.9891	196.9317	14.80137208	44098
1	37851U	11061B	12235.80340255	.00003035	00000-0	24646-3	0	9999
2	37851	101.7152	306.4269	0247613	161.1174	199.9405	14.80143393	44244
1	37851U	11061B	12236.81738285	.00003082	00000-0	25017-3	0	9990
2	37851	101.7151	307.9031	0247478	158.2401	202.9527	14.80150198	44392
1	37851U	11061B	12236.88498149	+.00003032	+00000-0	+24626-3	0	9999
2	37851	101.7151	308.0015	0247537	158.0438	203.1572	14.80150340	044415
1	37851U	11061B	12237.96655304	+.00003382	+00000-0	+27349-3	0	9990
2	37851	101.7147	309.5758	0247362	154.9386	206.4062	14.80159575	044579
1	37851U	11061B	12238.84532289	.00003787	00000-0	30463-3	0	9994
2	37851	101.7142	310.8547	0247509	152.4498	209.0076	14.80168271	44695
1	37851U	11061B	12238.91292049	+.00003798	+00000-0	+30544-3	0	9991
2	37851	101.7141	310.9532	0247507	152.2592	209.2069	14.80168853	044713
1	37851U	11061B	12239.85928152	.00004173	00000-0	33446-3	0	9998
2	37851	101.7142	312.3310	0247473	149.5480	212.0356	14.80178684	44849
1	37851U	11061B	12239.92687870	+.00004173	+00000-0	+33440-3	0	9999
2	37851	101.7142	312.4293	0247463	149.3534	212.2387	14.80179266	044862
1	37851U	11061B	12240.87323324	.00004401	00000-0	35221-3	0	9999
2	37851	101.7140	313.8069	0247306	146.6521	215.0528	14.80188905	44990
1	37851U	11061B	12240.94082993	+.00004412	+00000-0	+35307-3	0	9998
2	37851	101.7138	313.9051	0247309	146.4581	215.2556	14.80189586	045019
1	37851U	11061B	12241.88717660	.00004638	00000-0	37052-3	0	9997
2	37851	101.7138	315.2829	0247287	143.7757	218.0457	14.80199611	45142
1	37851U	11061B	12241.95477292	+.00004652	+00000-0	+37162-3	0	9997
2	37851	101.7137	315.3812	0247260	143.5796	218.2512	14.80200337	045160
1	37851U	11061B	12242.96870734	+.00004928	+00000-0	+39308-3	0	9997
2	37851	101.7136	316.8570	0247110	140.6898	221.2536	14.80211869	045310
1	37851U	11061B	12243.17149229	.00005114	00000-0	40748-3	0	9997
2	37851	101.7134	317.1523	0247077	140.1346	221.8301	14.80214882	45331
1	37851U	11061B	12243.91503715	+.00005276	+00000-0	+41978-3	0	9998
2	37851	101.7132	318.2343	0247161	138.0136	224.0306	14.80223634	045456
1	37851U	11061B	12244.18541551	.00005393	00000-0	42889-3	0	9990
2	37851	101.7131	318.6279	0247095	137.2423	224.8296	14.80227196	45489
1	37851U	11061B	12244.92895280	+.00005629	+00000-0	+44695-3	0	9992
2	37851	101.7131	319.7102	0247141	135.1104	227.0376	14.80236873	045601
1	37851U	11061B	12245.19932816	.00005778	00000-0	45848-3	0	9995
2	37851	101.7130	320.1039	0247131	134.3612	227.8137	14.80240776	45632
1	37851U	11061B	12245.94285870	+.00005871	+00000-0	+46567-3	0	9992
2	37851	101.7131	321.1862	0247051	132.2172	230.0283	14.80250162	045758
1	37851U	11061B	12246.21323147	.00006024	00000-0	47769-3	0	9999
2	37851	101.7130	321.5800	0246934	131.4608	230.8097	14.80254211	45780
1	37851U	11061B	12246.88916077	+.00006257	+00000-0	+49567-3	0	9998
2	37851	101.7127	322.5635	0246884	129.5114	232.8196	14.80263904	045890
1	37851U	11061B	12247.22712200	.00006643	00000-0	52599-3	0	9997
2	37851	101.7125	323.0557	0246641	128.5460	233.8136	14.80270319	45939
1	37851U	11061B	12247.90304190	+.00007187	+00000-0	+56758-3	0	9992
2	37851	101.7121	324.0397	0246785	126.5945	235.8263	14.80282534	046041
1	37851U	11061B	12248.24099622	.00007791	00000-0	61477-3	0	9996
2	37851	101.7115	324.5320	0246575	125.6812	236.7619	14.80290713	46082
1	37851U	11061B	12248.91690671	+.00008281	+00000-0	+65229-3	0	9995
2	37851	101.7112	325.5158	0246619	123.7299	238.7723	14.80304070	046198
1	37851U	11061B	12249.25485683	.00008690	00000-0	68401-3	0	9997
2	37851	101.7109	326.0078	0246536	122.7554	239.7669	14.80311975	46239
1	37851U	11061B	12249.93075311	+.00009449	+00000-0	+74130-3	0	9994
2	37851	101.7104	326.9916	0246877	120.8221	241.7536	14.80328459	046345
1	37851U	11061B	12250.20110990	.00009605	00000-0	75354-3	0	9992
2	37851	101.7103	327.3851	0246768	120.0498	242.5425	14.80334475	46378
1	37851U	11061B	12250.94458765	+.00009738	+00000-0	+76351-3	0	9993
2	37851	101.7104	328.4673	0246748	117.9071	244.7346	14.80349779	046495
1	37851U	11061B	12251.21494136	.00009773	00000-0	76632-3	0	9997
2	37851	101.7103	328.8607	0246694	117.1312	245.5280	14.80355309	46521
1	37851U	11061B	12251.95841182	+.00009280	+00000-0	+72849-3	0	9994
2	37851	101.7106	329.9423	0246538	114.9756	247.7259	14.80367186	046645
1	37851U	11061B	12252.22876255	.00009225	00000-0	72405-3	0	9991
2	37851	101.7107	330.3357	0246570	114.2048	248.5128	14.80371953	46675
1	37851U	11061B	12252.90463729	+.00008574	+00000-0	+67387-3	0	9993
2	37851	101.7112	331.3194	0246472	112.2734	250.4755	14.80380834	046780
1	37851U	11061B	12253.24257313	.00008398	00000-0	65986-3	0	9998
2	37851	101.7114	331.8114	0246587	111.3288	251.4408	14.80385682	46827
1	37851U	11061B	12253.91844015	+.00007844	+00000-0	+61728-3	0	9998
2	37851	101.7117	332.7949	0246457	109.4010	253.3945	14.80394048	046938
1	37851U	11061B	12254.25637292	.00007654	00000-0	60238-3	0	9997
2	37851	101.7119	333.2869	0246520	108.4394	254.3751	14.80398349	46970
1	37851U	11061B	12254.93223439	+.00006981	+00000-0	+55052-3	0	9996
2	37851	101.7123	334.2703	0246438	106.5525	256.2849	14.80405019	047081
1	37851U	11061B	12255.54050769	.00006461	00000-0	51062-3	0	9998
2	37851	101.7128	335.1559	0246256	104.8324	258.0289	14.80410668	47164
1	37851U	11061B	12255.94602142	+.00006024	+00000-0	+47644-3	0	9996
2	37851	101.7129	335.7456	0246436	103.7263	259.1469	14.80413548	047237
1	37851U	11061B	12256.48670431	.00005530	00000-0	43840-3	0	9997
2	37851	101.7134	336.5328	0246380	102.1909	260.6941	14.80417408	47307
1	37851U	11061B	12256.89221728	+.00005040	+00000-0	+40085-3	0	9997
2	37851	101.7137	337.1227	0246161	100.9325	261.9615	14.80419367	047375
1	37851U	11061B	12257.77082271	.00004378	00000-0	34985-3	0	9998
2	37851	101.7142	338.4019	0246011	098.3974	264.5158	14.80424451	47492
1	37851U	11061B	12257.97357826	+.00004065	+00000-0	+32547-3	0	9996
2	37851	101.7144	338.6971	0246181	097.8828	265.0377	14.80424504	047536
1	37851U	11061B	12258.85217703	.00003744	00000-0	30073-3	0	9998
2	37851	101.7145	339.9763	0246075	095.3754	267.5564	14.80429911	47658
1	37851U	11061B	12258.91976132	+.00003597	+00000-0	+28923-3	0	9990
2	37851	101.7147	340.0748	0246173	095.2067	267.7234	14.80429623	047679
1	37851U	11061B	12259.86593885	.00003492	00000-0	28112-3	0	9999
2	37851	101.7149	341.4530	0246126	092.5147	270.4237	14.80436035	47806
1	37851U	11061B	12259.93352293	+.00003432	+00000-0	+27645-3	0	9997
2	37851	101.7150	341.5514	0246151	092.3272	270.6113	14.80436203	047820
1	37851U	11061B	12260.87969425	.00003383	00000-0	27262-3	0	9993
2	37851	101.7146	342.9285	0246126	089.6263	273.3115	14.80442801	47953
1	37851U	11061B	12260.94727820	+.00003330	+00000-0	+26849-3	0	9994
2	37851	101.7148	343.0272	0246133	089.4380	273.5009	14.80442962	047973
1	37851U	11061B	12261.89344362	.00003366	00000-0	27139-3	0	9997
2	37851	101.7147	344.4048	0246035	086.7169	276.2145	14.80449836	48108
1	37851U	11061B	12261.96102659	+.00003353	+00000-0	+27032-3	0	9994
2	37851	101.7147	344.5031	0246045	086.5297	276.4004	14.80450231	048121
1	37851U	11061B	12262.83960354	+.00003336	+00000-0	+26917-3	0	9997
2	37851	101.7145	345.7824	0245871	083.9842	278.9313	14.80456413	048257
1	37851U	11061B	12263.24509896	.00003351	00000-0	27033-3	0	9990
2	37851	101.7147	346.3732	0245858	082.8348	280.0730	14.80459260	48304
1	37851U	11061B	12263.92092298	+.00003297	+00000-0	+26619-3	0	9996
2	37851	101.7144	347.3566	0245809	080.8953	281.9968	14.80463733	048418
1	37851U	11061B	12264.32641502	.00003496	00000-0	28167-3	0	9990
2	37851	101.7143	347.9477	0245723	079.6936	283.1872	14.80467609	48465
1	37851U	11061B	12264.93465173	+.00003556	+00000-0	+28626-3	0	9992
2	37851	101.7141	348.8330	0245753	077.9643	284.8983	14.80472385	048569
1	37851U	11061B	12265.34014009	.00003842	00000-0	30840-3	0	9995
2	37851	101.7138	349.4236	0245686	076.8051	286.0439	14.80476973	48616
1	37851U	11061B	12265.94837189	+.00003935	+00000-0	+31544-3	0	9998
2	37851	101.7135	350.3086	0245747	075.1106	287.7174	14.80482341	048719
1	37851U	11061B	12266.35385742	.00004139	00000-0	33125-3	0	9991
2	37851	101.7132	350.8990	0245705	073.9364	288.8749	14.80486813	48764
1	37851U	11061B	12266.96208437	+.00004200	+00000-0	+33588-3	0	9995
2	37851	101.7130	351.7841	0245737	072.2299	290.5551	14.80492374	048862
1	37851U	11061B	12267.84062863	.00004392	00000-0	35083-3	0	9998
2	37851	101.7127	353.0631	0245627	069.7226	293.0192	14.80501297	48986
1	37851U	11061B	12268.85432728	.00004453	00000-0	35553-3	0	9991
2	37851	101.7124	354.5385	0245574	066.8120	295.8741	14.80510988	49132
1	37851U	11061B	12269.80043902	+.00004512	+00000-0	+35996-3	0	9996
2	37851	101.7122	355.9159	0245572	064.0661	298.5620	14.80520144	049289
1	37851U	11061B	12270.20591312	.00004609	00000-0	36745-3	0	9995
2	37851	101.7122	356.5064	0245565	062.8818	299.7199	14.80524449	49335
1	37851U	11061B	12270.81412225	+.00004613	+00000-0	+36772-3	0	9992
2	37851	101.7121	357.3918	0245544	061.1690	301.3919	14.80530226	049439
1	37851U	11061B	12271.82779584	+.00004938	+00000-0	+39268-3	0	9991
2	37851	101.7119	358.8675	0245554	058.2909	304.1978	14.80541883	049586
1	37851U	11061B	12272.23326234	.00005191	00000-0	41221-3	0	9991
2	37851	101.7118	359.4581	0245528	057.0961	305.3640	14.80547477	49634
1	37851U	11061B	12272.84145884	+.00005322	+00000-0	+42228-3	0	9992
2	37851	101.7118	000.3437	0245529	055.3723	307.0359	14.80554761	049735
1	37851U	11061B	12273.24692069	.00005560	00000-0	44082-3	0	9993
2	37851	101.7117	000.9342	0245410	054.1853	308.1889	14.80560604	49783
1	37851U	11061B	12273.85511246	+.00005605	+00000-0	+44418-3	0	9990
2	37851	101.7117	001.8197	0245410	052.4667	309.8557	14.80567769	049885
1	37851U	11061B	12274.26057150	.00005704	00000-0	45171-3	0	9992
2	37851	101.7116	002.4100	0245451	051.2806	311.0059	14.80573037	49935
1	37851U	11061B	12274.80118186	+.00005711	+00000-0	+45214-3	0	9995
2	37851	101.7115	003.1970	0245451	049.7359	312.5022	14.80579393	050021
1	37851U	11061B	12275.27421378	.00005717	00000-0	45245-3	0	9997
2	37851	101.7116	003.8861	0245489	048.3741	313.8198	14.80584919	50083
1	37851U	11061B	12275.81481891	+.00005815	+00000-0	+46001-3	0	9993
2	37851	101.7116	004.6732	0245470	046.8664	315.2778	14.80591649	050174
1	37851U	11061B	12276.28784380	.00006378	00000-0	50336-3	0	9995
2	37851	101.7115	005.3625	0245429	045.5031	316.5937	14.80599687	50238
1	37851U	11061B	12276.82844322	+.00006415	+00000-0	+50618-3	0	9993
2	37851	101.7115	006.1496	0245416	043.9741	318.0697	14.80606855	050325
1	37851U	11061B	12277.30146481	.00006576	00000-0	51836-3	0	9999
2	37851	101.7115	006.8388	0245484	042.6031	319.3911	14.80613668	50384
1	37851U	11061B	12277.84205941	+.00006073	+00000-0	+47977-3	0	9998
2	37851	101.7114	007.6254	0245340	041.0665	320.8678	14.80619171	050473
1	37851U	11061B	12278.78809707	.00005049	00000-0	40079-3	0	9990
2	37851	101.7116	009.0026	0245305	038.3271	323.5066	14.80626698	50609
1	37851U	11061B	12279.80170480	.00003556	00000-0	28579-3	0	9995
2	37851	101.7120	010.4786	0245151	035.4901	326.2285	14.80629704	50750
1	37851U	11061B	12280.81530952	.00002938	00000-0	23793-3	0	9998
2	37851	101.7119	011.9542	0245294	032.5835	329.0225	14.80633809	50909
1	37851U	11061B	12280.88288302	+.00002886	+00000-0	+23396-3	0	9995
2	37851	101.7119	012.0526	0245275	032.3989	329.1994	14.80633958	050921
1	37851U	11061B	12281.82890882	.00002738	00000-0	22252-3	0	9998
2	37851	101.7117	013.4300	0245290	029.7196	331.7683	14.80638645	51058
1	37851U	11061B	12281.89648187	+.00002702	+00000-0	+21967-3	0	9997
2	37851	101.7117	013.5284	0245329	029.5260	331.9528	14.80638865	051079
1	37851U	11061B	12282.84250297	.00002672	00000-0	21743-3	0	9992
2	37851	101.7114	014.9056	0245297	026.8441	334.5209	14.80644086	51205
1	37851U	11061B	12282.91007575	+.00002551	+00000-0	+20811-3	0	9990
2	37851	101.7114	015.0038	0245275	026.6660	334.6887	14.80643942	051229
1	37851U	11061B	12283.85609084	.00003079	00000-0	24877-3	0	9999
2	37851	101.7113	016.3819	0245300	023.9718	337.2679	14.80651521	51356
1	37851U	11061B	12283.92366317	+.00003058	+00000-0	+24708-3	0	9996
2	37851	101.7113	016.4804	0245329	023.7807	337.4495	14.80651863	051378
1	37851U	11061B	12284.86966978	.00004173	00000-0	33283-3	0	9996
2	37851	101.7108	017.8580	0245429	021.0717	340.0376	14.80662960	51503
1	37851U	11061B	12284.93724178	+.00003946	+00000-0	+31532-3	0	9990
2	37851	101.7108	017.9563	0245453	020.8992	340.1996	14.80662776	051520
1	37851U	11061B	12285.88324342	.00004407	00000-0	35082-3	0	9991
2	37851	101.7107	019.3342	0245399	018.1855	342.7931	14.80672810	51658
1	37851U	11061B	12285.88324343	+.00004262	+00000-0	+33974-3	0	9999
2	37851	101.7108	019.3343	0245342	018.1982	342.7798	14.80672335	051663
1	37851U	11061B	12286.89681274	+.00003500	+00000-0	+28121-3	0	9992
2	37851	101.7109	020.8103	0245176	015.3143	345.5279	14.80678048	051817
1	37851U	11061B	12287.23466907	.00003378	00000-0	27173-3	0	9994
2	37851	101.7110	021.3024	0245179	014.3633	346.4378	14.80679876	51857
1	37851U	11061B	12287.91037867	+.00003041	+00000-0	+24575-3	0	9998
2	37851	101.7106	022.2855	0245197	012.4257	348.2821	14.80683336	051966
1	37851U	11061B	12288.24823216	.00003305	00000-0	26603-3	0	9993
2	37851	101.7106	022.7776	0245213	011.4491	349.2147	14.80686577	52009
1	37851U	11061B	12288.92393690	+.00003558	+00000-0	+28548-3	0	9996
2	37851	101.7105	023.7616	0245231	009.5324	351.0407	14.80692491	052119
1	37851U	11061B	12289.26178603	.00004139	00000-0	33031-3	0	9998
2	37851	101.7103	024.2540	0245127	008.5329	351.9931	14.80697646	52159
1	37851U	11061B	12289.86991611	+.00004193	+00000-0	+33447-3	0	9997
2	37851	101.7103	025.1393	0245101	006.8076	353.6352	14.80703118	052256
1	37851U	11061B	12290.27533359	.00004540	00000-0	36119-3	0	9990
2	37851	101.7102	025.7300	0245118	005.6224	354.7640	14.80708275	52306
1	37851U	11061B	12290.95102889	+.00004492	+00000-0	+35746-3	0	9996
2	37851	101.7103	026.7138	0245099	003.6906	356.6022	14.80714371	052411
1	37851U	11061B	12291.28887522	.00004651	00000-0	36957-3	0	9999
2	37851	101.7103	027.2063	0245171	002.7271	357.5199	14.80718132	52458
1	37851U	11061B	12291.82942804	+.00004636	+00000-0	+36834-3	0	9991
2	37851	101.7100	027.9929	0245175	001.1835	358.9889	14.80723294	052542
1	37851U	11061B	12292.50511633	.00004710	00000-0	37403-3	0	9995
2	37851	101.7098	028.9770	0245138	359.2596	000.8206	14.80729998	52636
1	37851U	11061B	12292.91052797	+.00004642	+00000-0	+36876-3	0	9998
2	37851	101.7098	029.5671	0245144	358.1013	001.9222	14.80733622	052709
1	37851U	11061B	12293.85648413	.00004675	00000-0	37121-3	0	9998
2	37851	101.7097	030.9446	0245149	355.3963	004.4977	14.80742915	52836
1	37851U	11061B	12294.87000360	.00004494	00000-0	35722-3	0	9998
2	37851	101.7098	032.4204	0245121	352.4977	007.2580	14.80751591	52986
1	37851U	11061B	12295.88351582	.00004546	00000-0	36109-3	0	9993
2	37851	101.7099	033.8964	0245164	349.6060	010.0121	14.80761295	53136
1	37851U	11061B	12296.89702099	.00004686	00000-0	37166-3	0	9997
2	37851	101.7099	035.3727	0245202	346.7157	012.7662	14.80771623	53289
1	37851U	11061B	12297.84295302	+.00004789	+00000-0	+37939-3	0	9999
2	37851	101.7098	036.7508	0245294	344.0156	015.3396	14.80781383	053435
1	37851U	11061B	12298.24835035	.00004947	00000-0	39143-3	0	9992
2	37851	101.7098	037.3414	0245315	342.8586	016.4442	14.80786184	53488
1	37851U	11061B	12298.85644451	+.00004971	+00000-0	+39341-3	0	9996
2	37851	101.7098	038.2271	0245199	341.1289	018.0939	14.80792464	053589
1	37851U	11061B	12299.26183906	.00005055	00000-0	39973-3	0	9990
2	37851	101.7098	038.8176	0245212	339.9719	019.1983	14.80797052	53633
1	37851U	11061B	12299.86992948	+.00005015	+00000-0	+39673-3	0	9993
2	37851	101.7098	039.7030	0245137	338.2353	020.8565	14.80803137	053732
1	37851U	11061B	12300.27532194	.00005011	00000-0	39635-3	0	9998
2	37851	101.7099	040.2936	0245160	337.0873	021.9535	14.80807261	53781
1	37851U	11061B	12301.28879927	.00004833	00000-0	38269-3	0	9991
2	37851	101.7099	041.7695	0245103	334.1869	024.7262	14.80816553	53938
1	37851U	11061B	12302.30227050	.00004708	00000-0	37303-3	0	9998
2	37851	101.7103	043.2465	0245107	331.2946	027.4937	14.80825745	54083
1	37851U	11061B	12303.31573674	.00004471	00000-0	35462-3	0	9997
2	37851	101.7105	044.7231	0245186	328.4139	030.2530	14.80834145	54233
1	37851U	11061B	12304.32919879	.00004079	00000-0	32452-3	0	9990
2	37851	101.7110	046.1997	0245182	325.5074	033.0401	14.80841068	54382
1	37851U	11061B	12305.88316837	.00003439	00000-0	27518-3	0	9993
2	37851	101.7111	048.4625	0245344	321.0637	037.3101	14.80849944	54613
1	37851U	11061B	12307.23444152	.00003035	00000-0	24449-3	0	9998
2	37851	101.7115	050.4316	0245084	317.2456	040.9902	14.80856282	54818
1	37851U	11061B	12308.24788888	.00003293	00000-0	26420-3	0	9994
2	37851	101.7117	051.9093	0245065	314.3527	043.7822	14.80863986	54961
1	37851U	11061B	12309.26133241	.00003443	00000-0	27573-3	0	9991
2	37851	101.7116	053.3856	0245057	311.4672	046.5728	14.80871796	55115
1	37851U	11061B	12310.27477263	.00003259	00000-0	26183-3	0	9990
2	37851	101.7118	054.8622	0244812	308.5494	049.3981	14.80877931	55266
1	37851U	11061B	12311.28821201	.00002851	00000-0	23047-3	0	9990
2	37851	101.7118	056.3381	0244835	305.6648	052.1953	14.80882367	55416
1	37851U	11061B	12313.31508382	.00002463	00000-0	20052-3	0	9990
2	37851	101.7119	059.2910	0245001	299.8759	057.8294	14.80891327	55719
1	37851U	11061B	12314.32851364	.00002679	00000-0	21707-3	0	9990
2	37851	101.7119	060.7680	0244964	296.9848	060.6524	14.80897818	55869
1	37851U	11061B	12315.34194072	.00002786	00000-0	22529-3	0	9991
2	37851	101.7120	062.2447	0244925	294.0928	063.4819	14.80904116	56010
1	37851U	11061B	12316.89585733	.00002775	00000-0	22449-3	0	9999
2	37851	101.7118	064.5080	0244802	289.6513	067.8417	14.80913251	56246
1	37851U	11061B	12318.24708214	.00003040	00000-0	24464-3	0	9996
2	37851	101.7121	066.4783	0244940	285.8247	071.6075	14.80922566	56440
1	37851U	11061B	12319.26049399	.00003749	00000-0	29887-3	0	9991
2	37851	101.7121	067.9557	0244925	283.0156	074.3808	14.80933087	56597
1	37851U	11061B	12320.20633564	.00004790	00000-0	37867-3	0	9994
2	37851	101.7113	069.3332	0244745	280.2930	077.0770	14.80946818	56734
1	37851U	11061B	12321.21972881	.00005791	00000-0	45531-3	0	9993
2	37851	101.7109	070.8102	0244663	277.3836	079.9654	14.80963025	56889
1	37851U	11061B	12322.23311200	.00006490	00000-0	50930-3	0	9994
2	37851	101.7103	072.2867	0244337	274.3959	082.9364	14.80979518	57032
1	37851U	11061B	12323.24649040	.00006556	00000-0	51422-3	0	9992
2	37851	101.7101	073.7630	0244310	271.4578	085.8650	14.80993350	57186
1	37851U	11061B	12324.32741714	.00006914	00000-0	54108-3	0	9995
2	37851	101.7100	075.3383	0244425	268.3978	088.9213	14.81009808	57348
1	37851U	11061B	12325.34077634	.00007200	00000-0	56269-3	0	9990
2	37851	101.7100	076.8151	0244446	265.5188	091.8052	14.81025703	57494
1	37851U	11061B	12326.35412534	.00007601	00000-0	59317-3	0	9996
2	37851	101.7099	078.2919	0244379	262.6843	094.6525	14.81042902	57643
1	37851U	11061B	12327.43501990	.00007894	00000-0	61541-3	0	9997
2	37851	101.7098	079.8668	0244317	259.6276	097.7308	14.81061306	57808
1	37851U	11061B	12328.85367915	.00007658	00000-0	59697-3	0	9998
2	37851	101.7099	081.9337	0244336	255.5898	101.8060	14.81082751	58015
1	37851U	11061B	12329.86699848	.00007303	00000-0	56977-3	0	9998
2	37851	101.7103	083.4106	0244273	252.6550	104.7787	14.81096171	58160
1	37851U	11061B	12330.88030752	.00007330	00000-0	57166-3	0	9996
2	37851	101.7103	084.8875	0244236	249.7520	107.7265	14.81111297	58319
1	37851U	11061B	12332.23137314	.00007187	00000-0	56054-3	0	9994
2	37851	101.7104	086.8565	0244189	245.8894	111.6588	14.81130525	58515
1	37851U	11061B	12332.90690153	+.00006714	+00000-0	+52408-3	0	9997
2	37851	101.7107	087.8411	0244297	243.9918	113.5878	14.81137717	058620
1	37851U	11061B	12333.24466580	.00006620	00000-0	51696-3	0	9994
2	37851	101.7107	088.3331	0244245	243.0209	114.5856	14.81141806	58669
1	37851U	11061B	12333.92019011	+.00006335	+00000-0	+49506-3	0	9992
2	37851	101.7109	089.3176	0244269	241.1023	116.5463	14.81149231	058776
1	37851U	11061B	12334.25795274	.00005895	00000-0	46164-3	0	9998
2	37851	101.7113	089.8102	0244193	240.0977	117.5711	14.81150975	58816
1	37851U	11061B	12335.33878874	.00005143	00000-0	40421-3	0	9992
2	37851	101.7122	091.3870	0244126	237.0431	120.7068	14.81159166	58972
1	37851U	11061C	11302.87290423	.00363180	00000-0	28380-1	0	9998
2	37851	101.7088	233.3889	0254268	289.0505	068.2827	14.77654778	204
1	37851U	11061C	11302.94063822	+.00148715	+00000-0	+11864-1	0	9991
2	37851	101.7071	233.4846	0255164	289.2247	068.1438	14.77565457	000225
1	37851U	11061C	11303.14378953	.00036450	00000-0	29497-2	0	9992
2	37851	101.7060	233.7765	0255481	288.5004	068.8374	14.77516975	240
1	37851U	11061C	11303.48237418	+.00011649	+00000-0	+95304-3	0	9993
2	37851	101.7014	234.2710	0255860	287.4601	069.7107	14.77464169	000293
1	37851U	11061C	11305.24307763	.00012390	00000-0	10122-2	0	9998
2	37851	101.7015	236.8214	0255711	282.4728	074.7970	14.77508696	558
1	37851U	11061C	11305.85253643	.00009541	00000-0	78327-3	0	9998
2	37851	101.7022	237.7036	0255431	280.8008	076.4533	14.77512953	645
1	37851U	11061C	11305.92025392	+.00008873	+00000-0	+72929-3	0	9993
2	37851	101.7008	237.8031	0255450	280.5679	076.6836	14.77511915	000664
1	37851U	11061C	11306.52970872	.00006612	00000-0	54567-3	0	9999
2	37851	101.7029	238.6826	0255867	278.7162	078.5097	14.77513975	743
1	37851U	11061C	11306.80057482	+.00008923	+00000-0	+73263-3	0	9994
2	37851	101.7025	239.0741	0255576	278.0555	079.1717	14.77525972	000797
1	37851U	11061C	11306.80057483	.00008923	00000-0	73263-3	0	9995
2	37851	101.7025	239.0741	0255576	278.0555	079.1717	14.77525972	786
1	37851U	11061C	11307.81631932	.00008635	00000-0	70905-3	0	9994
2	37851	101.7023	240.5450	0255585	275.1761	082.0295	14.77542494	934
1	37851U	11061C	11307.88403563	+.00008672	+00000-0	+71204-3	0	9992
2	37851	101.7023	240.6431	0255583	274.9878	082.2201	14.77543895	000955
1	37851U	11061C	11308.83205452	+.00008424	+00000-0	+69179-3	0	9998
2	37851	101.7023	242.0149	0255561	272.2286	084.9686	14.77558810	001081
1	37851U	11061C	11309.84777332	+.00008960	+00000-0	+73526-3	0	9997
2	37851	101.7023	243.4860	0255334	269.3328	087.8609	14.77579841	001239
1	37851U	11061C	11310.86348445	+.00008822	+00000-0	+72396-3	0	9991
2	37851	101.7023	244.9576	0255261	266.4233	090.7751	14.77597382	001388
1	37851U	11061C	11311.87918526	.00008635	00000-0	70868-3	0	9990
2	37851	101.7024	246.4288	0255219	263.5212	093.6871	14.77614287	1530
1	37851U	11061C	11312.82716417	+.00008391	+00000-0	+68884-3	0	9995
2	37851	101.7027	247.8021	0255172	260.7740	096.4520	14.77629220	001687
1	37851U	11061C	11313.09801333	.00008533	00000-0	70027-3	0	9997
2	37851	101.7028	248.1942	0255134	260.0184	097.2168	14.77634626	1714
1	37851U	11061C	11313.91055354	+.00008702	+00000-0	+71309-3	0	9994
2	37851	101.7034	249.3711	0255309	257.6700	099.5818	14.77649682	001847
1	37851U	11061C	11314.11368786	.00008730	00000-0	71534-3	0	9994
2	37851	101.7034	249.6652	0255282	257.1010	100.1564	14.77653431	1869
1	37851U	11061C	11314.79079747	+.00008990	+00000-0	+73602-3	0	9990
2	37851	101.7033	250.6461	0255256	255.1186	102.1616	14.77666933	001974
1	37851U	11061C	11315.40019256	.00009080	00000-0	74327-3	0	9994
2	37851	101.7036	251.5290	0255172	253.3592	103.9450	14.77678509	2052
1	37851U	11061C	11315.87416306	+.00009281	+00000-0	+75918-3	0	9992
2	37851	101.7035	252.2156	0255191	252.0396	105.2857	14.77688435	002133
1	37851U	11061C	11316.48354966	.00009309	00000-0	76137-3	0	9998
2	37851	101.7038	253.0992	0255141	250.2592	107.0921	14.77699965	2217
1	37851U	11061C	11316.88980543	+.00009345	+00000-0	+76399-3	0	9998
2	37851	101.7039	253.6877	0255162	249.1115	108.2596	14.77707846	002283
1	37851U	11061C	11317.43147229	.00009932	00000-0	81187-3	0	9999
2	37851	101.7034	254.4758	0254866	247.7586	109.6398	14.77723459	2352
1	37851U	11061C	11317.83772545	+.00009599	+00000-0	+78565-3	0	9993
2	37851	101.7037	255.0640	0254660	246.5170	110.9070	14.77729084	002420
1	37851U	11061C	11318.51480903	.00009110	00000-0	74550-3	0	9992
2	37851	101.7044	256.0448	0254819	244.5041	112.9591	14.77738761	2518
1	37851U	11061C	11318.85334787	+.00009111	+00000-0	+74540-3	0	9997
2	37851	101.7045	256.5355	0254843	243.5295	113.9558	14.77745008	002570
1	37851U	11061C	11319.86895660	.00009100	00000-0	74416-3	0	9991
2	37851	101.7045	258.0074	0254835	240.6603	116.8921	14.77763633	2713
1	37851U	11061C	11319.86895660	+.00009108	+00000-0	+74477-3	0	9996
2	37851	101.7045	258.0074	0254830	240.6627	116.8899	14.77763678	002728
1	37851U	11061C	11320.88455351	+.00009103	+00000-0	+74361-3	0	9996
2	37851	101.7048	259.4791	0254945	237.7371	119.8908	14.77782321	002878
1	37851U	11061C	11320.88455353	.00009069	00000-0	74098-3	0	9996
2	37851	101.7048	259.4790	0254923	237.7337	119.8930	14.77782125	2861
1	37851U	11061C	11321.83243431	+.00008989	+00000-0	+73420-3	0	9992
2	37851	101.7049	260.8531	0254902	235.0642	122.6369	14.77799044	003012
1	37851U	11061C	11322.17096140	.00008876	00000-0	72506-3	0	9992
2	37851	101.7061	261.3453	0254893	234.1151	123.6143	14.77804447	3058
1	37851U	11061C	11322.84801318	+.00008545	+00000-0	+69858-3	0	9996
2	37851	101.7060	262.3272	0254784	232.1282	125.6619	14.77814461	003168
1	37851U	11061C	11323.18653687	.00008465	00000-0	69204-3	0	9994
2	37851	101.7062	262.8182	0254781	231.1774	126.6430	14.77819846	3206
1	37851U	11061C	11323.86358314	+.00008020	+00000-0	+65637-3	0	9991
2	37851	101.7059	263.8004	0254716	229.2055	128.6794	14.77828598	003315
1	37851U	11061C	11324.20210409	.00007919	00000-0	64809-3	0	9998
2	37851	101.7057	264.2909	0254729	228.2586	129.6580	14.77833541	3356
1	37851U	11061C	11324.87914451	+.00007506	+00000-0	+61475-3	0	9997
2	37851	101.7052	265.2728	0254760	226.3088	131.6743	14.77841777	003468
1	37851U	11061C	11325.21766288	.00007407	00000-0	60660-3	0	9994
2	37851	101.7053	265.7634	0254799	225.3587	132.6584	14.77846359	3505
1	37851U	11061C	11325.89469787	+.00007091	+00000-0	+58097-3	0	9992
2	37851	101.7048	266.7442	0254829	223.4319	134.6551	14.77854539	003610
1	37851U	11061C	11326.57172871	.00006873	00000-0	56349-3	0	9998
2	37851	101.7057	267.7267	0254786	221.5426	136.6147	14.77862865	3700
1	37851U	11061C	11326.97794594	+.00006747	+00000-0	+55329-3	0	9991
2	37851	101.7057	268.3155	0254792	220.3724	137.8308	14.77867772	003779
1	37851U	11061C	11327.85808021	.00006371	00000-0	52321-3	0	9992
2	37851	101.7055	269.5914	0254680	217.9064	140.3957	14.77877374	3899
1	37851U	11061C	11328.80590873	+.00006296	+00000-0	+51698-3	0	9993
2	37851	101.7056	270.9652	0254691	215.2075	143.2072	14.77889148	004040
1	37851U	11061C	11329.41522312	.00006236	00000-0	51214-3	0	9992
2	37851	101.7057	271.8485	0254646	213.4918	144.9942	14.77896609	4124
1	37851U	11061C	11329.95683388	+.00006201	+00000-0	+50926-3	0	9993
2	37851	101.7058	272.6337	0254625	211.9491	146.6043	14.77903259	004217
1	37851U	11061C	11330.56614391	.00006048	00000-0	49681-3	0	9995
2	37851	101.7061	273.5173	0254669	210.2369	148.3920	14.77909986	4297
1	37851U	11061C	11330.97234868	+.00006040	+00000-0	+49614-3	0	9995
2	37851	101.7061	274.1061	0254647	209.0824	149.5984	14.77914946	004361
1	37851U	11061C	11331.85245822	.00005575	00000-0	45826-3	0	9998
2	37851	101.7066	275.3827	0254889	206.5281	152.2677	14.77922529	4485
1	37851U	11061C	11332.86796302	.00005206	00000-0	42855-3	0	9994
2	37851	101.7071	276.8551	0254923	203.6091	155.3238	14.77931708	4630
1	37851U	11061C	11332.93566310	+.00005162	+00000-0	+42497-3	0	9999
2	37851	101.7071	276.9531	0254939	203.4105	155.5310	14.77932175	004654
1	37851U	11061C	11333.95116070	.00004985	00000-0	41082-3	0	9997
2	37851	101.7076	278.4257	0254863	200.5650	158.5136	14.77941665	4798
1	37851U	11061C	11333.95116070	+.00004985	+00000-0	+41082-3	0	9997
2	37851	101.7076	278.4257	0254863	200.5650	158.5136	14.77941665	004800
1	37851U	11061C	11334.89895191	+.00005090	+00000-0	+41919-3	0	9996
2	37851	101.7078	279.8001	0254830	197.8880	161.3264	14.77951916	004940
1	37851U	11061C	11335.23744643	.00005170	00000-0	42557-3	0	9998
2	37851	101.7078	280.2909	0254816	196.9177	162.3432	14.77955895	4988
