#	#	#	#	#	#	#	#	#
1	37852U	11061C	11335.98154484	+.00005944	+00000-0	+48768-3	0	9998
2	37852	101.7074	281.3718	0254311	194.8534	164.5099	14.78016598	005106
1	37852U	11061C	11336.52311253	.00006021	00000-0	49364-3	0	9998
2	37852	101.7077	282.1572	0254341	193.2999	166.1406	14.78023615	5172
1	37852U	11061C	11336.86159133	+.00006055	+00000-0	+49642-3	0	9998
2	37852	101.7077	282.6481	0254289	192.3488	167.1403	14.78027983	005237
1	37852U	11061C	11337.87702185	.00006146	00000-0	50370-3	0	9992
2	37852	101.7081	284.1211	0254189	189.4721	170.1632	14.78041058	5378
1	37852U	11061C	11337.94471698	+.00006142	+00000-0	+50336-3	0	9990
2	37852	101.7081	284.2192	0254191	189.2787	170.3664	14.78041883	005395
1	37852U	11061C	11338.89244261	.00006372	00000-0	52168-3	0	9999
2	37852	101.7082	285.5939	0254122	186.5957	173.1874	14.78055181	5527
1	37852U	11061C	11339.90785351	.00006594	00000-0	53926-3	0	9991
2	37852	101.7081	287.0663	0254106	183.7074	176.2247	14.78069821	5678
1	37852U	11061C	11339.97554722	+.00006600	+00000-0	+53977-3	0	9998
2	37852	101.7081	287.1644	0254085	183.5166	176.4251	14.78070780	005699
1	37852U	11061C	11340.92325637	+.00006545	+00000-0	+53497-3	0	9991
2	37852	101.7085	288.5391	0254180	180.8118	179.2698	14.78083120	005834
1	37852U	11061C	11341.53249516	.00006262	00000-0	51210-3	0	9997
2	37852	101.7088	289.4225	0254227	179.1021	181.0681	14.78089551	5915
1	37852U	11061C	11341.93865308	+.00006108	+00000-0	+49953-3	0	9994
2	37852	101.7089	290.0117	0254339	177.9206	182.3102	14.78093765	005980
1	37852U	11061C	11342.88635006	.00005761	00000-0	47180-3	0	9993
2	37852	101.7095	291.3866	0254266	175.2455	185.1244	14.78103308	6117
1	37852U	11061C	11343.96942320	.00005579	00000-0	45743-3	0	9993
2	37852	101.7097	292.9575	0254087	172.1682	188.3589	14.78114923	6271
1	37852U	11061C	11343.96942320	+.00005585	+00000-0	+45793-3	0	9995
2	37852	101.7097	292.9574	0254095	172.1698	188.3576	14.78114962	006286
1	37852U	11061C	11344.91710491	+.00005476	+00000-0	+44913-3	0	9995
2	37852	101.7100	294.3321	0254043	169.4888	191.1759	14.78125025	006423
1	37852U	11061C	11345.05248748	.00005465	00000-0	44831-3	0	9999
2	37852	101.7100	294.5284	0254030	169.1008	191.5837	14.78126488	6436
1	37852U	11061C	11345.93247021	+.00005454	+00000-0	+44722-3	0	9996
2	37852	101.7104	295.8054	0254065	166.5824	194.2297	14.78136187	006576
1	37852U	11061C	11346.40630481	.00005381	00000-0	44145-3	0	9993
2	37852	101.7106	296.4928	0253984	165.2350	195.6438	14.78141070	6630
1	37852U	11061C	11346.94782796	+.00005334	+00000-0	+43757-3	0	9995
2	37852	101.7108	297.2784	0254004	163.6920	197.2637	14.78146737	006724
1	37852U	11061C	11347.48934932	.00005207	00000-0	42754-3	0	9991
2	37852	101.7111	298.0641	0253903	162.1624	198.8690	14.78151947	6793
1	37852U	11061C	11347.89548864	+.00005179	+00000-0	+42535-3	0	9996
2	37852	101.7111	298.6533	0253876	161.0013	200.0863	14.78156112	006863
1	37852U	11061C	11348.50469542	.00005129	00000-0	42131-3	0	9997
2	37852	101.7111	299.5369	0253856	159.2737	201.8982	14.78162307	6943
1	37852U	11061C	11348.97852144	+.00005000	+00000-0	+41074-3	0	9995
2	37852	101.7113	300.2242	0253938	157.9264	203.3096	14.78166520	007020
1	37852U	11061C	11349.85848133	.00004631	00000-0	38131-3	0	9995
2	37852	101.7116	301.5005	0253874	155.4561	205.8962	14.78173210	7142
1	37852U	11061C	11349.92617039	+.00004613	+00000-0	+37987-3	0	9990
2	37852	101.7116	301.5987	0253887	155.2626	206.0991	14.78173755	007166
1	37852U	11061C	11350.87381583	.00004065	00000-0	33578-3	0	9991
2	37852	101.7123	302.9740	0254063	152.5721	208.9153	14.78179195	7298
1	37852U	11061C	11350.94150444	+.00004079	+00000-0	+33688-3	0	9996
2	37852	101.7123	303.0723	0254090	152.3857	209.1113	14.78179821	007317
1	37852U	11061C	11351.88914546	.00003446	00000-0	28650-3	0	9991
2	37852	101.7131	304.4475	0253950	149.6872	211.9289	14.78183931	7441
1	37852U	11061C	11351.95683389	+.00003411	+00000-0	+28367-3	0	9994
2	37852	101.7132	304.5456	0253995	149.4969	212.1277	14.78184226	007466
1	37852U	11061C	11352.90447127	.00002917	00000-0	24474-3	0	9993
2	37852	101.7147	305.9226	0253521	146.7981	214.9414	14.78187751	7594
1	37852U	11061C	11352.97215951	+.00002912	+00000-0	+24432-3	0	9997
2	37852	101.7147	306.0209	0253501	146.6001	215.1480	14.78188124	007611
1	37852U	11061C	11353.91979001	+.00002937	+00000-0	+24620-3	0	9991
2	37852	101.7145	307.3957	0253588	143.9105	217.9510	14.78194077	007756
1	37852U	11061C	11353.98747775	.00002950	00000-0	24722-3	0	9997
2	37852	101.7145	307.4939	0253573	143.7157	218.1539	14.78194563	7750
1	37852U	11061C	11354.86741576	+.00002976	+00000-0	+24917-3	0	9992
2	37852	101.7144	308.7707	0253660	141.2280	220.7424	14.78200123	007890
1	37852U	11061C	11355.00279056	.00002982	00000-0	24966-3	0	9999
2	37852	101.7144	308.9671	0253655	140.8439	221.1420	14.78200998	7900
1	37852U	11061C	11355.88272406	+.00002997	+00000-0	+25070-3	0	9990
2	37852	101.7141	310.2435	0253746	138.3666	223.7161	14.78206534	008044
1	37852U	11061C	11356.01809798	.00003005	00000-0	25133-3	0	9997
2	37852	101.7141	310.4400	0253741	137.9837	224.1129	14.78207423	8056
1	37852U	11061C	11356.96571219	+.00003261	+00000-0	+27187-3	0	9990
2	37852	101.7139	311.8152	0253600	135.2705	226.9255	14.78214943	008203
1	37852U	11061C	11357.43951703	.00003413	00000-0	28383-3	0	9991
2	37852	101.7137	312.5026	0253676	133.9157	228.3286	14.78218977	8265
1	37852U	11061C	11357.91332055	+.00003503	+00000-0	+29118-3	0	9994
2	37852	101.7135	313.1901	0253562	132.5540	229.7360	14.78222862	008342
1	37852U	11061C	11358.45480889	.00003538	00000-0	29398-3	0	9991
2	37852	101.7134	313.9755	0253532	131.0070	231.3345	14.78227032	8419
1	37852U	11061C	11358.92860948	+.00003620	+00000-0	+30056-3	0	9996
2	37852	101.7133	314.6629	0253469	129.6573	232.7286	14.78230992	008492
1	37852U	11061C	11359.47009426	.00003559	00000-0	29559-3	0	9990
2	37852	101.7132	315.4483	0253507	128.1332	234.2993	14.78234725	8566
1	37852U	11061C	11359.94389260	+.00003554	+00000-0	+29519-3	0	9990
2	37852	101.7132	316.1358	0253484	126.7760	235.6991	14.78238204	008646
1	37852U	11061C	11360.55306068	.00003360	00000-0	27978-3	0	9996
2	37852	101.7134	317.0196	0253394	125.0393	237.4863	14.78241591	8722
1	37852U	11061C	11360.89148653	+.00003284	+00000-0	+27356-3	0	9992
2	37852	101.7135	317.5106	0253483	124.0771	238.4764	14.78243503	008789
1	37852U	11061C	11361.56833614	.00003135	00000-0	26174-3	0	9997
2	37852	101.7138	318.4929	0253387	122.1431	240.4622	14.78247291	8874
1	37852U	11061C	11361.97444507	+.00003047	+00000-0	+25461-3	0	9991
2	37852	101.7139	319.0821	0253441	120.9779	241.6581	14.78249442	008940
1	37852U	11061C	11362.85434408	.00002929	00000-0	24524-3	0	9995
2	37852	101.7142	320.3591	0253380	118.4882	244.2087	14.78254268	9068
1	37852U	11061C	11362.92202843	+.00002913	+00000-0	+24397-3	0	9990
2	37852	101.7142	320.4573	0253382	118.2886	244.4122	14.78254593	009088
1	37852U	11061C	11363.86960668	.00002926	00000-0	24505-3	0	9995
2	37852	101.7140	321.8320	0253297	115.6069	247.1541	14.78260422	9218
1	37852U	11061C	11363.93729057	+.00003072	+00000-0	+25675-3	0	9990
2	37852	101.7140	321.9308	0253229	115.4132	247.3554	14.78261577	009239
1	37852U	11061C	11364.88486060	.00003314	00000-0	27607-3	0	9995
2	37852	101.7139	323.3058	0253210	112.6952	250.1227	14.78269419	9360
1	37852U	11061C	11365.90010715	.00003565	00000-0	29606-3	0	9998
2	37852	101.7140	324.7793	0253191	109.8192	253.0491	14.78278360	9512
1	37852U	11061C	11365.96779009	+.00003599	+00000-0	+29882-3	0	9995
2	37852	101.7140	324.8776	0253163	109.6181	253.2543	14.78279093	009535
1	37852U	11061C	12001.91534632	.00003799	00000-0	31471-3	0	9998
2	37852	101.7139	326.2529	0253122	106.9261	255.9851	14.78287543	9663
1	37852U	11061C	12001.98302878	+.00003811	+00000-0	+31568-3	0	9992
2	37852	101.7141	326.3511	0253114	106.7311	256.1830	14.78288145	009684
1	37852U	11061C	12002.93057922	+.00003890	+00000-0	+32202-3	0	9998
2	37852	101.7141	327.7263	0253072	104.0258	258.9207	14.78296116	009828
1	37852U	11061C	12003.06594325	.00003891	00000-0	32210-3	0	9996
2	37852	101.7141	327.9227	0253069	103.6406	259.3106	14.78297210	9836
1	37852U	11061C	12003.94580533	+.00003959	+00000-0	+32752-3	0	9995
2	37852	101.7136	329.1988	0253029	101.1449	261.8314	14.78304728	009971
1	37852U	11061C	12004.48725674	.00003869	00000-0	32030-3	0	9991
2	37852	101.7156	329.9871	0252988	099.6022	263.3856	14.78308489	10049
1	37852U	11061C	12004.89334330	+.00003960	+00000-0	+32766-3	0	9999
2	37852	101.7155	330.5763	0252902	098.4331	264.5622	14.78312288	010116
1	37852U	11061C	12005.90855516	.00004025	00000-0	33275-3	0	9995
2	37852	101.7155	332.0497	0252910	095.5494	267.4601	14.78321051	10256
1	37852U	11061C	12005.97623577	+.00004021	+00000-0	+33242-3	0	9992
2	37852	101.7155	332.1479	0252911	095.3583	267.6521	14.78321590	010278
1	37852U	11061C	12006.92376067	.00003979	00000-0	32901-3	0	9999
2	37852	101.7149	333.5228	0252934	092.6617	270.3552	14.78329231	10401
1	37852U	11061C	12006.92376080	+.00003975	+00000-0	+32863-3	0	9997
2	37852	101.7150	333.5227	0252940	092.6605	270.3567	14.78329209	010418
1	37852U	11061C	12007.93895928	+.00003952	+00000-0	+32681-3	0	9999
2	37852	101.7149	334.9961	0252883	089.7600	273.2568	14.78337387	010569
1	37852U	11061C	12008.07431862	.00003945	00000-0	32624-3	0	9997
2	37852	101.7149	335.1925	0252889	089.3746	273.6420	14.78338451	10570
1	37852U	11061C	12008.88647120	+.00003981	+00000-0	+32913-3	0	9993
2	37852	101.7147	336.3709	0252847	087.0649	275.9451	14.78345284	010708
1	37852U	11061C	12009.49558239	.00004005	00000-0	33101-3	0	9991
2	37852	101.7147	337.2548	0252855	085.3412	277.6607	14.78350466	10785
1	37852U	11061C	12009.96933346	+.00004081	+00000-0	+33714-3	0	9993
2	37852	101.7147	337.9423	0252786	083.9941	279.0001	14.78354850	010862
1	37852U	11061C	12010.51076168	.00004081	00000-0	33705-3	0	9996
2	37852	101.7149	338.7282	0252814	082.4747	280.5089	14.78359381	10931
1	37852U	11061C	12010.91683135	+.00004123	+00000-0	+34037-3	0	9994
2	37852	101.7148	339.3174	0252773	081.3069	281.6670	14.78363067	011009
1	37852U	11061C	12011.86432277	.00004175	00000-0	34445-3	0	9998
2	37852	101.7150	340.6930	0252767	078.5933	284.3541	14.78371467	11132
1	37852U	11061C	12011.93200048	+.00004180	+00000-0	+34486-3	0	9996
2	37852	101.7150	340.7912	0252769	078.3960	284.5491	14.78372081	011154
1	37852U	11061C	12012.87948557	.00004140	00000-0	34160-3	0	9999
2	37852	101.7151	342.1665	0252762	075.6889	287.2230	14.78379997	11287
1	37852U	11061C	12012.94716281	+.00004100	+00000-0	+33843-3	0	9997
2	37852	101.7151	342.2647	0252774	075.5054	287.4027	14.78380339	011305
1	37852U	11061C	12013.89464272	.00003935	00000-0	32530-3	0	9999
2	37852	101.7149	343.6398	0252704	072.7908	290.0783	14.78387293	11439
1	37852U	11061C	12014.90979318	.00003791	00000-0	31372-3	0	9997
2	37852	101.7151	345.1135	0252711	069.9116	292.9085	14.78394541	11581
1	37852U	11061C	12015.92493683	+.00003714	+00000-0	+30756-3	0	9996
2	37852	101.7153	346.5873	0252686	067.0405	295.7239	14.78401936	011745
1	37852U	11061C	12016.06028888	.00003715	00000-0	30756-3	0	9994
2	37852	101.7153	346.7837	0252716	066.6476	296.1091	14.78402993	11750
1	37852U	11061C	12016.94007254	+.00003896	+00000-0	+32197-3	0	9996
2	37852	101.7155	348.0615	0252708	064.1205	298.5811	14.78410782	011891
1	37852U	11061C	12017.54915050	.00004004	00000-0	33041-3	0	9996
2	37852	101.7155	348.9458	0252780	062.3932	300.2690	14.78416302	11971
1	37852U	11061C	12017.88752505	+.00004238	+00000-0	+34909-3	0	9990
2	37852	101.7153	349.4369	0252755	061.4136	301.2264	14.78420466	012036
1	37852U	11061C	12018.90264236	.00004706	00000-0	38617-3	0	9993
2	37852	101.7150	350.9106	0252773	058.5460	304.0187	14.78432342	12172
1	37852U	11061C	12018.97031661	+.00004775	+00000-0	+39161-3	0	9995
2	37852	101.7150	351.0089	0252802	058.3421	304.2187	14.78433389	012198
1	37852U	11061C	12019.91774898	.00005281	00000-0	43213-3	0	9992
2	37852	101.7149	352.3846	0252611	055.6704	306.8126	14.78445836	12329
1	37852U	11061C	12020.93284718	+.00005673	+00000-0	+46320-3	0	9990
2	37852	101.7147	353.8586	0252594	052.7560	309.6393	14.78459170	012482
1	37852U	11061C	12021.94793592	+.00005931	+00000-0	+48357-3	0	9996
2	37852	101.7148	355.3328	0252605	049.8725	312.4308	14.78472465	012634
1	37852U	11061C	12022.48931288	.00006006	00000-0	48934-3	0	9997
2	37852	101.7148	356.1187	0252625	048.3358	313.9168	14.78479448	12700
1	37852U	11061C	12022.96301417	+.00006245	+00000-0	+50838-3	0	9996
2	37852	101.7146	356.8063	0252579	046.9836	315.2230	14.78486630	012785
1	37852U	11061C	12023.57205435	.00006611	00000-0	53730-3	0	9998
2	37852	101.7145	357.6909	0252604	045.3303	316.8183	14.78496508	12861
1	37852U	11061C	12023.97807779	+.00006991	+00000-0	+56730-3	0	9995
2	37852	101.7144	358.2806	0252628	044.1046	318.0002	14.78504228	012931
1	37852U	11061C	12024.51943898	.00007451	00000-0	60401-3	0	9991
2	37852	101.7143	359.0670	0252518	042.6614	319.3902	14.78514520	13008
1	37852U	11061C	12024.92545602	+.00007913	+00000-0	+64063-3	0	9998
2	37852	101.7139	359.6563	0252475	041.4029	320.6002	14.78523450	013074
1	37852U	11061C	12025.53448032	.00007737	00000-0	62717-3	0	9993
2	37852	101.7165	000.5409	0252218	039.7443	322.1937	14.78534426	13157
1	37852U	11061C	12025.94049231	+.00008012	+00000-0	+64896-3	0	9993
2	37852	101.7167	001.1310	0252196	038.5328	323.3585	14.78542947	013228
1	37852U	11061C	12026.82018093	.00008194	00000-0	66336-3	0	9995
2	37852	101.7168	002.4085	0252115	036.0551	325.7363	14.78558611	13342
1	37852U	11061C	12026.95551556	+.00008338	+00000-0	+67479-3	0	9994
2	37852	101.7167	002.6053	0252096	035.6504	326.1244	14.78561864	013379
1	37852U	11061C	12027.90286024	.00008468	00000-0	68485-3	0	9997
2	37852	101.7166	003.9806	0252089	032.9704	328.6936	14.78578798	13506
1	37852U	11061C	12028.91786211	.00008337	00000-0	67412-3	0	9996
2	37852	101.7164	005.4543	0252090	030.0771	331.4627	14.78595335	13655
1	37852U	11061C	12028.91786227	+.00008339	+00000-0	+67427-3	0	9991
2	37852	101.7164	005.4543	0252095	030.0766	331.4640	14.78595347	013663
1	37852U	11061C	12029.93285379	+.00007984	+00000-0	+64574-3	0	9991
2	37852	101.7168	006.9291	0252133	027.2060	334.2074	14.78610204	013810
1	37852U	11061C	12030.00051970	.00007950	00000-0	64313-3	0	9993
2	37852	101.7168	007.0274	0252082	027.0217	334.3843	14.78611098	13815
1	37852U	11061C	12030.94783616	+.00007491	+00000-0	+60644-3	0	9998
2	37852	101.7170	008.4040	0252089	024.3406	336.9456	14.78623525	013963
1	37852U	11061C	12031.08316628	.00007430	00000-0	60178-3	0	9994
2	37852	101.7171	008.6006	0252033	023.9676	337.3012	14.78625217	13975
1	37852U	11061C	12031.96280828	+.00007027	+00000-0	+56978-3	0	9998
2	37852	101.7175	009.8792	0251952	021.4669	339.6857	14.78635916	014114
1	37852U	11061C	12032.09813725	.00007019	00000-0	56909-3	0	9996
2	37852	101.7175	010.0757	0251961	021.0810	340.0550	14.78637806	14120
1	37852U	11061C	12032.91010870	+.00006763	+00000-0	+54816-3	0	9997
2	37852	101.7175	011.2542	0252179	018.7327	342.2950	14.78646465	014256
1	37852U	11061C	12033.11310012	.00006753	00000-0	54729-3	0	9993
2	37852	101.7175	011.5490	0252175	018.1571	342.8431	14.78649175	14275
1	37852U	11061C	12033.92506185	+.00006730	+00000-0	+54543-3	0	9999
2	37852	101.7177	012.7284	0252131	015.8552	345.0356	14.78660161	014400
1	37852U	11061C	12034.53402922	.00006705	00000-0	54336-3	0	9993
2	37852	101.7175	013.6126	0252116	014.1211	346.6867	14.78668337	14485
1	37852U	11061C	12034.94000536	+.00006707	+00000-0	+54354-3	0	9995
2	37852	101.7175	014.2024	0252092	012.9715	347.7810	14.78673888	014552
1	37852U	11061C	12035.54896656	.00006704	00000-0	54328-3	0	9996
2	37852	101.7175	015.0868	0252039	011.2466	349.4222	14.78682189	14632
1	37852U	11061C	12035.95493820	+.00006769	+00000-0	+54829-3	0	9994
2	37852	101.7176	015.6769	0252058	010.0830	350.5292	14.78688130	014702
1	37852U	11061C	12036.56389343	.00006778	00000-0	54901-3	0	9997
2	37852	101.7178	016.5616	0252015	008.3642	352.1641	14.78696558	14786
1	37852U	11061C	12036.96986100	+.00006877	+00000-0	+55662-3	0	9990
2	37852	101.7179	017.1514	0252055	007.2003	353.2712	14.78702740	014854
1	37852U	11061C	12037.91711365	+.00006850	+00000-0	+55453-3	0	9994
2	37852	101.7177	018.5270	0251967	004.5149	355.8236	14.78715829	014994
1	37852U	11061C	12037.91711366	.00006860	00000-0	55531-3	0	9993
2	37852	101.7177	018.5270	0251977	004.5142	355.8246	14.78715889	14984
1	37852U	11061C	12038.93201950	+.00006651	+00000-0	+53870-3	0	9991
2	37852	101.7181	020.0018	0251903	001.6270	358.5692	14.78728620	015147
1	37852U	11061C	12039.06733946	.00006641	00000-0	53795-3	0	9996
2	37852	101.7181	020.1984	0251897	001.2441	358.9328	14.78730399	15155
1	37852U	11061C	12039.94691617	+.00006517	+00000-0	+52781-3	0	9997
2	37852	101.7181	021.4765	0251952	358.7416	001.3116	14.78741474	015295
1	37852U	11061C	12040.08223499	.00006510	00000-0	52730-3	0	9990
2	37852	101.7181	021.6730	0251940	358.3584	001.6759	14.78743234	15302
1	37852U	11061C	12040.96180368	+.00006430	+00000-0	+52085-3	0	9998
2	37852	101.7186	022.9516	0251896	355.8576	004.0535	14.78754309	015445
1	37852U	11061C	12041.57073184	.00006400	00000-0	51846-3	0	9994
2	37852	101.7185	023.8362	0251887	354.1238	005.7019	14.78762115	15528
1	37852U	11061C	12041.97668244	+.00006317	+00000-0	+51200-3	0	9996
2	37852	101.7186	024.4264	0251801	352.9726	006.7962	14.78766865	015592
1	37852U	11061C	12042.92389511	.00006240	00000-0	50581-3	0	9995
2	37852	101.7186	025.8025	0251748	350.2811	009.3561	14.78778531	15720
1	37852U	11061C	12042.92389537	+.00006220	+00000-0	+50426-3	0	9999
2	37852	101.7186	025.8025	0251753	350.2835	009.3543	14.78778414	015733
1	37852U	11061C	12043.93875908	+.00006033	+00000-0	+48955-3	0	9999
2	37852	101.7190	027.2775	0251627	347.4049	012.0934	14.78789965	015885
1	37852U	11061C	12044.00641633	.00006021	00000-0	48862-3	0	9998
2	37852	101.7190	027.3758	0251609	347.2115	012.2774	14.78790726	15880
1	37852U	11061C	12044.95361398	+.00005993	+00000-0	+48627-3	0	9995
2	37852	101.7190	028.7526	0251626	344.5066	014.8529	14.78802207	016034
1	37852U	11061C	12045.08892732	.00005991	00000-0	48612-3	0	9993
2	37852	101.7190	028.9491	0251621	344.1225	015.2185	14.78803850	16044
1	37852U	11061C	12045.96845902	+.00006139	+00000-0	+49779-3	0	9997
2	37852	101.7193	030.2279	0251557	341.6099	017.6134	14.78815662	016185
1	37852U	11061C	12046.50970562	.00006259	00000-0	50744-3	0	9996
2	37852	101.7193	031.0143	0251432	340.0984	019.0540	14.78823266	16256
1	37852U	11061C	12046.98329294	+.00006520	+00000-0	+52782-3	0	9993
2	37852	101.7194	031.7030	0251494	338.7312	020.3588	14.78831003	016330
1	37852U	11061C	12047.86280772	.00006854	00000-0	55423-3	0	9993
2	37852	101.7192	032.9802	0251427	336.2431	022.7330	14.78844851	16458
1	37852U	11061C	12047.93046176	+.00006941	+00000-0	+56098-3	0	9995
2	37852	101.7191	033.0787	0251461	336.0457	022.9208	14.78846314	016479
1	37852U	11061C	12048.87762195	.00007279	00000-0	58771-3	0	9990
2	37852	101.7192	034.4549	0251357	333.3699	025.4789	14.78861930	16601
1	37852U	11061C	12048.94527512	+.00007354	+00000-0	+59351-3	0	9999
2	37852	101.7192	034.5533	0251403	333.1729	025.6650	14.78863373	016623
1	37852U	11061C	12049.89242738	.00007343	00000-0	59246-3	0	9999
2	37852	101.7195	035.9302	0251395	330.4860	028.2343	14.78877465	16750
1	37852U	11061C	12049.96008074	+.00007331	+00000-0	+59148-3	0	9998
2	37852	101.7195	036.0286	0251391	330.2959	028.4154	14.78878398	016776
1	37852U	11061C	12050.90722583	.00007102	00000-0	57339-3	0	9998
2	37852	101.7198	037.4060	0251322	327.6045	030.9932	14.78891011	16908
1	37852U	11061C	12050.97487866	+.00007090	+00000-0	+57236-3	0	9999
2	37852	101.7198	037.5044	0251326	327.4153	031.1738	14.78891909	016928
1	37852U	11061C	12051.92201513	.00006957	00000-0	56168-3	0	9992
2	37852	101.7200	038.8814	0251328	324.7143	033.7639	14.78904677	17052
1	37852U	11061C	12051.98966736	+.00006945	+00000-0	+56073-3	0	9995
2	37852	101.7200	038.9799	0251326	324.5223	033.9476	14.78905560	017075
1	37852U	11061C	12052.93679546	+.00006835	+00000-0	+55204-3	0	9994
2	37852	101.7200	040.3566	0251240	321.8160	036.5464	14.78918223	017211
1	37852U	11061C	12053.00444733	.00006797	00000-0	54908-3	0	9998
2	37852	101.7200	040.4549	0251218	321.6214	036.7333	14.78918942	17211
1	37852U	11061C	12053.95156889	+.00006579	+00000-0	+53144-3	0	9993
2	37852	101.7200	041.8317	0251317	318.9409	039.3096	14.78930631	017364
1	37852U	11061C	12054.08687146	.00006523	00000-0	52721-3	0	9992
2	37852	101.7200	042.0283	0251254	318.5536	039.6821	14.78932111	17371
1	37852U	11061C	12054.96633638	+.00006170	+00000-0	+49932-3	0	9994
2	37852	101.7201	043.3072	0251188	316.0517	042.0930	14.78941403	017519
1	37852U	11061C	12055.50754247	.00006036	00000-0	48833-3	0	9995
2	37852	101.7201	044.0939	0251341	314.5038	043.5856	14.78947447	17585
1	37852U	11061C	12055.98109710	+.00005819	+00000-0	+47172-3	0	9999
2	37852	101.7203	044.7832	0251069	313.1507	044.8940	14.78951771	017661
1	37852U	11061C	12056.52229922	.00005737	00000-0	46497-3	0	9996
2	37852	101.7203	045.5697	0251162	311.6018	046.3891	14.78957745	17730
1	37852U	11061C	12056.92819989	+.00005659	+00000-0	+45888-3	0	9994
2	37852	101.7203	046.1599	0251106	310.4425	047.5112	14.78962013	017806
1	37852U	11061C	12057.53704898	.00005560	00000-0	45086-3	0	9995
2	37852	101.7203	047.0449	0251180	308.7243	049.1736	14.78968437	17884
1	37852U	11061C	12057.94294698	+.00005482	+00000-0	+44461-3	0	9991
2	37852	101.7204	047.6353	0251185	307.5657	050.2955	14.78972552	017953
1	37852U	11061C	12058.55179235	.00005473	00000-0	44389-3	0	9997
2	37852	101.7192	048.5205	0251176	305.8362	051.9713	14.78978558	18031
1	37852U	11061C	12058.95768826	+.00005454	+00000-0	+44224-3	0	9998
2	37852	101.7194	049.1107	0251196	304.6822	053.0936	14.78982918	018104
1	37852U	11061C	12059.56652904	.00005472	00000-0	44371-3	0	9998
2	37852	101.7197	049.9958	0251131	302.9497	054.7778	14.78989847	18185
1	37852U	11061C	12059.97242126	+.00005495	+00000-0	+44552-3	0	9990
2	37852	101.7202	050.5865	0251121	301.7868	055.9090	14.78994547	018256
1	37852U	11061C	12060.91949845	.00005622	00000-0	45539-3	0	9996
2	37852	101.7203	051.9637	0251125	299.0894	058.5375	14.79006078	18384
1	37852U	11061C	12060.98714644	+.00005638	+00000-0	+45660-3	0	9992
2	37852	101.7203	052.0622	0251136	298.8989	058.7228	14.79006958	018403
1	37852U	11061C	12061.93421682	+.00005741	+00000-0	+46464-3	0	9993
2	37852	101.7208	053.4395	0251095	296.1992	061.3585	14.79018521	018549
1	37852U	11061C	12062.06951220	.00005759	00000-0	46599-3	0	9992
2	37852	101.7208	053.6363	0251109	295.8173	061.7323	14.79020216	18558
1	37852U	11061C	12062.94892801	+.00005878	+00000-0	+47540-3	0	9997
2	37852	101.7206	054.9144	0251028	293.3104	064.1861	14.79031351	018695
1	37852U	11061C	12063.55775189	.00005833	00000-0	47185-3	0	9990
2	37852	101.7209	055.7997	0250978	291.5712	065.8910	14.79038365	18775
1	37852U	11061C	12063.96363348	+.00005770	+00000-0	+46686-3	0	9990
2	37852	101.7209	056.3901	0250958	290.4194	067.0214	14.79042799	018842
1	37852U	11061C	12064.57245378	.00005714	00000-0	46233-3	0	9996
2	37852	101.7210	057.2753	0250967	288.6928	068.7184	14.79049632	18929
1	37852U	11061C	12064.97833313	+.00005603	+00000-0	+45376-3	0	9996
2	37852	101.7213	057.8661	0250878	287.5388	069.8544	14.79053651	018990
1	37852U	11061C	12065.79008824	.00005471	00000-0	44320-3	0	9999
2	37852	101.7213	059.0463	0250882	285.2243	072.1345	14.79062153	19101
1	37852U	11061C	12065.92538067	+.00005411	+00000-0	+43860-3	0	9993
2	37852	101.7213	059.2435	0250836	284.8418	072.5119	14.79063293	019132
1	37852U	11061C	12066.87242252	.00005339	00000-0	43283-3	0	9994
2	37852	101.7214	060.6206	0250804	282.1431	075.1773	14.79073290	19263
1	37852U	11061C	12066.94006821	+.00005326	+00000-0	+43185-3	0	9999
2	37852	101.7215	060.7192	0250794	281.9501	075.3684	14.79073938	019286
1	37852U	11061C	12067.88710431	.00005333	00000-0	43223-3	0	9993
2	37852	101.7217	062.0967	0250784	279.2718	078.0209	14.79084219	19414
1	37852U	11061C	12067.95474909	+.00005374	+00000-0	+43545-3	0	9990
2	37852	101.7217	062.1951	0250804	279.0816	078.2084	14.79085168	019437
1	37852U	11061C	12068.90177825	.00005509	00000-0	44595-3	0	9999
2	37852	101.7214	063.5719	0250779	276.3842	080.8866	14.79096246	19561
1	37852U	11061C	12068.96942269	+.00005549	+00000-0	+44908-3	0	9999
2	37852	101.7214	063.6703	0250805	276.1938	081.0752	14.79097180	019586
1	37852U	11061C	12069.98408920	.00005805	00000-0	46891-3	0	9991
2	37852	101.7217	065.1462	0250863	273.3447	083.9093	14.79109742	19729
1	37852U	11061C	12069.98408920	+.00005805	+00000-0	+46891-3	0	9991
2	37852	101.7217	065.1462	0250863	273.3447	083.9093	14.79109742	019730
1	37852U	11061C	12070.93110326	+.00006315	+00000-0	+50903-3	0	9994
2	37852	101.7219	066.5237	0250780	270.6577	086.5898	14.79123196	019875
1	37852U	11061C	12071.13403423	.00006234	00000-0	50270-3	0	9997
2	37852	101.7219	066.8191	0250763	270.0688	087.1773	14.79125469	19891
1	37852U	11061C	12071.94575539	+.00006740	+00000-0	+54212-3	0	9996
2	37852	101.7222	067.9998	0250847	267.7903	089.4632	14.79137549	020026
1	37852U	11061C	12072.48689891	.00005872	00000-0	47364-3	0	9998
2	37852	101.7223	068.7871	0250936	266.2142	091.0289	14.79141771	20090
1	37852U	11061C	12072.96040186	+.00004932	+00000-0	+39982-3	0	9992
2	37852	101.7224	069.4759	0250850	264.7962	092.4539	14.79143805	020174
1	37852U	11061C	12073.50154609	.00004534	00000-0	36857-3	0	9995
2	37852	101.7225	070.2627	0250834	263.2534	094.0052	14.79147783	20245
1	37852U	11061C	12073.97504626	+.00004329	+00000-0	+35246-3	0	9997
2	37852	101.7225	070.9513	0250760	261.9082	095.3604	14.79151408	020322
1	37852U	11061C	12074.51618754	.00004044	00000-0	33002-3	0	9998
2	37852	101.7231	071.7392	0250756	260.3841	096.8933	14.79155072	20393
1	37852U	11061C	12074.98968594	+.00003856	+00000-0	+31536-3	0	9999
2	37852	101.7231	072.4285	0250631	259.0500	098.2397	14.79158194	020478
1	37852U	11061C	12075.93667828	+.00004249	+00000-0	+34612-3	0	9996
2	37852	101.7231	073.8071	0250712	256.3514	100.9663	14.79166529	020615
1	37852U	11061C	12075.93667844	.00004190	00000-0	34148-3	0	9993
2	37852	101.7231	073.8068	0250692	256.3572	100.9605	14.79166420	20607
1	37852U	11061C	12076.95130498	+.00005793	+00000-0	+46758-3	0	9996
2	37852	101.7234	075.2837	0250585	253.4231	103.9315	14.79180578	020769
1	37852U	11061C	12077.15422967	.00005916	00000-0	47724-3	0	9995
2	37852	101.7234	075.5788	0250565	252.8532	104.5100	14.79183347	20780
1	37852U	11061C	12077.89828986	.00002928	00000-0	24195-3	0	9994
2	37852	101.7262	076.6620	0250872	250.2453	107.1587	14.79181257	20891
1	37852U	11061C	12077.96592697	+.00004745	+00000-0	+38404-3	0	9996
2	37852	101.7258	076.7611	0251221	250.0585	107.3413	14.79186784	020913
1	37852U	11061C	12078.50705544	.00005958	00000-0	47928-3	0	9992
2	37852	101.7240	077.5464	0251071	248.6045	108.8188	14.79196341	20988
1	37852U	11061C	12078.98054266	+.00005893	+00000-0	+47454-3	0	9994
2	37852	101.7242	078.2357	0250867	247.3310	110.1168	14.79201927	021063
1	37852U	11061C	12079.52167224	.00003917	00000-0	31940-3	0	9992
2	37852	101.7246	079.0221	0250910	245.9095	111.5644	14.79201832	21136
1	37852U	11061C	12079.92751922	+.00003521	+00000-0	+28857-3	0	9994
2	37852	101.7247	079.6128	0250708	244.7509	112.7514	14.79203508	021200
1	37852U	11061C	12080.53628853	.00002364	00000-0	19760-3	0	9996
2	37852	101.7246	080.4978	0250742	243.1004	114.4354	14.79203577	21288
1	37852U	11061C	12080.94213460	+.00002418	+00000-0	+20200-3	0	9996
2	37852	101.7238	081.0893	0250563	241.9759	115.5889	14.79205537	021357
1	37852U	11061C	12081.55090188	.00002304	00000-0	19300-3	0	9997
2	37852	101.7237	081.9746	0250556	240.2611	117.3443	14.79208216	21435
1	37852U	11061C	12081.95674548	+.00002590	+00000-0	+21551-3	0	9997
2	37852	101.7236	082.5654	0250531	239.1175	118.5169	14.79211343	021505
1	37852U	11061C	12082.90371402	.00002510	00000-0	20911-3	0	9997
2	37852	101.7232	083.9423	0250527	236.4471	121.2584	14.79216027	21634
1	37852U	11061C	12082.97135416	+.00002585	+00000-0	+21501-3	0	9995
2	37852	101.7231	084.0409	0250538	236.2569	121.4532	14.79216670	021658
1	37852U	11061C	12083.91831994	.00002510	00000-0	20911-3	0	9996
2	37852	101.7232	085.4181	0250545	233.5463	124.2406	14.79221428	21784
1	37852U	11061C	12083.91831998	+.00002545	+00000-0	+21181-3	0	9998
2	37852	101.7232	085.4182	0250537	233.5526	124.2350	14.79221587	021791
1	37852U	11061C	12084.93292497	+.00002321	+00000-0	+19431-3	0	9993
2	37852	101.7233	086.8942	0250428	230.7043	127.1708	14.79225779	021946
1	37852U	11061C	12085.13584568	.00002270	00000-0	19023-3	0	9999
2	37852	101.7232	087.1893	0250442	230.1150	127.7782	14.79226505	21961
1	37852U	11061C	12085.94752758	+.00002226	+00000-0	+18680-3	0	9995
2	37852	101.7234	088.3705	0250436	227.8266	130.1421	14.79230083	022091
1	37852U	11061C	12086.55628793	.00002226	00000-0	18679-3	0	9992
2	37852	101.7235	089.2561	0250437	226.0908	131.9372	14.79232932	22175
1	37852U	11061C	12086.96212710	+.00002382	+00000-0	+19901-3	0	9997
2	37852	101.7233	089.8467	0250443	224.9441	133.1245	14.79235564	022245
1	37852U	11061C	12087.57088535	.00002470	00000-0	20594-3	0	9999
2	37852	101.7233	090.7322	0250382	223.2078	134.9231	14.79239070	22325
1	37852U	11061C	12087.97672325	+.00002631	+00000-0	+21859-3	0	9993
2	37852	101.7233	091.3228	0250349	222.0710	136.1031	14.79241984	022396
1	37852U	11061C	12088.92367650	.00002762	00000-0	22881-3	0	9992
2	37852	101.7236	092.7007	0250412	219.3481	138.9295	14.79247914	22520
1	37852U	11061C	12088.99131571	+.00002785	+00000-0	+23060-3	0	9995
2	37852	101.7236	092.7991	0250439	219.1553	139.1293	14.79248417	022541
1	37852U	11061C	12089.93826548	+.00002899	+00000-0	+23935-3	0	9992
2	37852	101.7241	094.1773	0250515	216.4197	141.9733	14.79254611	022688
1	37852U	11061C	12090.14118281	.00002949	00000-0	24333-3	0	9994
2	37852	101.7240	094.4726	0250506	215.8524	142.5638	14.79256103	22707
1	37852U	11061C	12090.95285140	+.00002989	+00000-0	+24642-3	0	9999
2	37852	101.7242	095.6541	0250453	213.5761	144.9350	14.79261235	022839
1	37852U	11061C	12091.56160151	.00002953	00000-0	24374-3	0	9994
2	37852	101.7243	096.5398	0250329	211.8658	146.7172	14.79264858	22913
1	37852U	11061C	12091.96743444	+.00002948	+00000-0	+24325-3	0	9990
2	37852	101.7244	097.1306	0250387	210.7060	147.9283	14.79267256	022987
1	37852U	11061C	12092.91437520	.00002966	00000-0	24459-3	0	9999
2	37852	101.7244	098.5081	0250404	208.0054	150.7482	14.79273173	23119
1	37852U	11061C	12092.98201341	+.00003022	+00000-0	+24899-3	0	9998
2	37852	101.7244	098.6068	0250396	207.8175	150.9446	14.79273868	023131
1	37852U	11061C	12093.92895058	+.00003047	+00000-0	+25092-3	0	9990
2	37852	101.7243	099.9844	0250342	205.1273	153.7573	14.79279971	023275
1	37852U	11061C	12093.99658879	.00003059	00000-0	25184-3	0	9990
2	37852	101.7243	100.0828	0250355	204.9350	153.9587	14.79280454	23273
1	37852U	11061C	12094.94352205	+.00003079	+00000-0	+25338-3	0	9993
2	37852	101.7242	101.4603	0250376	202.2376	156.7812	14.79286614	023423
1	37852U	11061C	12095.01115999	.00003088	00000-0	25406-3	0	9995
2	37852	101.7242	101.5587	0250365	202.0473	156.9806	14.79287099	23422
1	37852U	11061C	12095.95809002	+.00003068	+00000-0	+25252-3	0	9990
2	37852	101.7243	102.9369	0250262	199.3703	159.7851	14.79293014	023577
1	37852U	11061C	12096.09336554	.00003036	00000-0	24996-3	0	9992
2	37852	101.7242	103.1338	0250328	198.9792	160.1947	14.79293674	23586
1	37852U	11061C	12096.97265368	+.00003147	+00000-0	+25870-3	0	9998
2	37852	101.7240	104.4131	0250259	196.4899	162.8055	14.79299862	023723
1	37852U	11061C	12097.10792840	.00003171	00000-0	26057-3	0	9999
2	37852	101.7240	104.6099	0250235	196.1084	163.2056	14.79300875	23739
1	37852U	11061C	12097.98721149	+.00003431	+00000-0	+28099-3	0	9996
2	37852	101.7238	105.8893	0250198	193.6056	165.8318	14.79308163	023872
1	37852U	11061C	12098.52830710	.00003494	00000-0	28581-3	0	9997
2	37852	101.7237	106.6766	0250235	192.0464	167.4672	14.79312322	23948
1	37852U	11061C	12098.93412846	+.00003504	+00000-0	+28673-3	0	9992
2	37852	101.7237	107.2670	0250112	190.9122	168.6596	14.79315320	024019
1	37852U	11061C	12099.54285904	.00003375	00000-0	27666-3	0	9990
2	37852	101.7237	108.1524	0250031	189.1919	170.4643	14.79319062	24090
1	37852U	11061C	12099.94867940	+.00003256	+00000-0	+26721-3	0	9999
2	37852	101.7237	108.7427	0250083	188.0322	171.6837	14.79321190	024162
1	37852U	11061C	12100.55740872	.00002961	00000-0	24412-3	0	9990
2	37852	101.7241	109.6284	0249994	186.3242	173.4764	14.79323681	24244
1	37852U	11061C	12100.96322852	+.00002765	+00000-0	+22854-3	0	9999
2	37852	101.7244	110.2193	0250171	185.1327	174.7295	14.79324963	024319
1	37852U	11061C	12101.57195646	.00002482	00000-0	20642-3	0	9995
2	37852	101.7248	111.1054	0250050	183.4216	176.5264	14.79326907	24397
1	37852U	11061C	12101.97777471	+.00002395	+00000-0	+19956-3	0	9990
2	37852	101.7250	111.6962	0250115	182.2515	177.7574	14.79328471	024467
1	37852U	11061C	12102.85704527	.00002244	00000-0	18761-3	0	9996
2	37852	101.7251	112.9756	0250116	179.7463	180.3904	14.79331958	24581
1	37852U	11061C	12102.99231734	+.00002262	+00000-0	+18900-3	0	9991
2	37852	101.7251	113.1726	0250134	179.3637	180.7932	14.79332668	024618
1	37852U	11061C	12103.87158392	.00002316	00000-0	19330-3	0	9995
2	37852	101.7248	114.4516	0250026	176.8628	183.4208	14.79337276	24736
1	37852U	11061C	12103.93921968	+.00002334	+00000-0	+19475-3	0	9999
2	37852	101.7248	114.5501	0250007	176.6712	183.6224	14.79337704	024750
1	37852U	11061C	12104.88611864	.00002407	00000-0	20045-3	0	9991
2	37852	101.7249	115.9280	0250000	173.9736	186.4567	14.79342777	24880
1	37852U	11061C	12104.95375395	+.00002445	+00000-0	+20347-3	0	9992
2	37852	101.7249	116.0265	0249977	173.7880	186.6519	14.79343328	024909
1	37852U	11061C	12105.90064830	.00002627	00000-0	21766-3	0	9995
2	37852	101.7248	117.4045	0249969	171.0903	189.4859	14.79349321	25039
1	37852U	11061C	12105.96828280	+.00002712	+00000-0	+22432-3	0	9994
2	37852	101.7248	117.5032	0249971	170.9129	189.6719	14.79350121	025056
1	37852U	11061C	12106.91517263	.00002901	00000-0	23911-3	0	9999
2	37852	101.7247	118.8810	0249955	168.2071	192.5135	14.79356642	25184
1	37852U	11061C	12106.98280681	+.00003027	+00000-0	+24914-3	0	9991
2	37852	101.7246	118.9799	0249857	168.0293	192.7003	14.79357711	025202
1	37852U	11061C	12107.92969164	+.00002994	+00000-0	+24630-3	0	9993
2	37852	101.7203	120.3566	0250004	165.3347	195.5281	14.79364380	025344
1	37852U	11061C	12108.20022877	.00003057	00000-0	25125-3	0	9997
2	37852	101.7201	120.7506	0249949	164.5699	196.3301	14.79366586	25372
1	37852U	11061C	12108.94420532	+.00003126	+00000-0	+25671-3	0	9991
2	37852	101.7202	121.8328	0249884	162.4518	198.5516	14.79371865	025493
1	37852U	11061C	12109.55291067	.00003208	00000-0	26302-3	0	9991
2	37852	101.7206	122.7187	0249948	160.7182	200.3681	14.79376386	25576
1	37852U	11061C	12109.95871349	+.00003255	+00000-0	+26681-3	0	9994
2	37852	101.7207	123.3090	0249878	159.5662	201.5754	14.79379402	025642
1	37852U	11061C	12110.56741569	.00003313	00000-0	27128-3	0	9995
2	37852	101.7212	124.1950	0249889	157.8315	203.3911	14.79383875	25723
1	37852U	11061C	12110.97321619	+.00003372	+00000-0	+27597-3	0	9995
2	37852	101.7212	124.7852	0249797	156.6800	204.5969	14.79387043	025798
1	37852U	11061C	12111.85244693	.00003511	00000-0	28680-3	0	9998
2	37852	101.7215	126.0646	0249801	154.1680	207.2243	14.79394092	25913
1	37852U	11061C	12111.98771214	+.00003609	+00000-0	+29462-3	0	9993
2	37852	101.7213	126.2615	0249667	153.7929	207.6158	14.79395669	025943
1	37852U	11061C	12112.93456917	+.00003829	+00000-0	+31184-3	0	9997
2	37852	101.7215	127.6387	0249681	151.0959	210.4338	14.79404136	026084
1	37852U	11061C	12113.20509749	.00004044	00000-0	32898-3	0	9993
2	37852	101.7215	128.0322	0249447	150.3217	211.2404	14.79407615	26119
1	37852U	11061C	12113.94904968	+.00004451	+00000-0	+36077-3	0	9991
2	37852	101.7215	129.1136	0249477	148.1987	213.4616	14.79416345	026238
1	37852U	11061C	12114.55773268	.00004730	00000-0	38272-3	0	9995
2	37852	101.7217	129.9990	0249403	146.4509	215.2796	14.79423745	26316
1	37852U	11061C	12114.96351915	+.00005042	+00000-0	+40734-3	0	9994
2	37852	101.7216	130.5888	0249266	145.2781	216.5004	14.79429604	026388
1	37852U	11061C	12115.57219495	.00005437	00000-0	43749-3	0	9995
2	37852	101.7224	131.4751	0249678	143.5502	218.2986	14.79438073	26462
1	37852U	11061C	12115.97797798	+.00005661	+00000-0	+45538-3	0	9993
2	37852	101.7223	132.0655	0249439	142.3966	219.4972	14.79443676	026538
1	37852U	11061C	12116.85716879	.00006125	00000-0	49144-3	0	9995
2	37852	101.7232	133.3457	0249521	139.8848	222.1076	14.79456178	26654
1	37852U	11061C	12116.92479847	+.00006183	+00000-0	+49606-3	0	9991
2	37852	101.7233	133.4441	0249462	139.6898	222.3094	14.79457260	026673
1	37852U	11061C	12117.60109114	+.00007136	+00000-0	+57126-3	0	9999
2	37852	101.7236	134.4292	0249169	137.7363	224.3338	14.79469964	026779
1	37852U	11061C	12118.07449397	.00007535	00000-0	60292-3	0	9992
2	37852	101.7233	135.1182	0248985	136.3841	225.7366	14.79478322	26834
1	37852U	11061C	12118.95366377	+.00007470	+00000-0	+59741-3	0	9990
2	37852	101.7234	136.3973	0249042	133.8940	228.3111	14.79491447	026978
1	37852U	11061C	12119.15654875	.00007252	00000-0	58013-3	0	9995
2	37852	101.7233	136.6930	0249107	133.3344	228.8906	14.79493476	26991
1	37852U	11061C	12119.96808350	+.00006888	+00000-0	+55141-3	0	9996
2	37852	101.7235	137.8744	0249111	131.0594	231.2423	14.79503417	027121
1	37852U	11061C	12120.17096635	.00006769	00000-0	54189-3	0	9995
2	37852	101.7234	138.1696	0249179	130.4748	231.8453	14.79505657	27147
1	37852U	11061C	12120.98249569	+.00006047	+00000-0	+48504-3	0	9993
2	37852	101.7240	139.3515	0249254	128.1985	234.1936	14.79512668	027274
1	37852U	11061C	12121.18537723	.00005975	00000-0	47931-3	0	9990
2	37852	101.7240	139.6468	0249274	127.6086	234.8018	14.79514781	27290
1	37852U	11061C	12121.92927371	+.00005482	+00000-0	+44088-3	0	9997
2	37852	101.7241	140.7293	0249161	125.5089	236.9626	14.79521035	027417
1	37852U	11061C	12122.19978078	.00005355	00000-0	43076-3	0	9992
2	37852	101.7238	141.1232	0249229	124.7216	237.7726	14.79523316	27446
1	37852U	11061C	12122.94367128	+.00005068	+00000-0	+40837-3	0	9996
2	37852	101.7239	142.2055	0249123	122.6146	239.9360	14.79529808	027567
1	37852U	11061C	12123.55230622	.00004915	00000-0	39628-3	0	9998
2	37852	101.7236	143.0916	0249166	120.8695	241.7264	14.79535121	27643
1	37852U	11061C	12123.95806095	+.00004874	+00000-0	+39316-3	0	9993
2	37852	101.7237	143.6822	0249086	119.7017	242.9224	14.79538980	027715
1	37852U	11061C	12124.83719255	.00004571	00000-0	36928-3	0	9992
2	37852	101.7236	144.9611	0249115	117.2352	245.4453	14.79545993	27839
1	37852U	11061C	12124.97244313	+.00004590	+00000-0	+37082-3	0	9998
2	37852	101.7236	145.1579	0249090	116.8438	245.8465	14.79547372	027860
1	37852U	11061C	12125.98681594	+.00004678	+00000-0	+37785-3	0	9993
2	37852	101.7234	146.6343	0248939	113.9395	248.8089	14.79557483	028011
1	37852U	11061C	12126.18968958	.00004676	00000-0	37762-3	0	9991
2	37852	101.7235	146.9296	0248931	113.3539	249.4050	14.79559413	28030
1	37852U	11061C	12126.93355792	+.00004534	+00000-0	+36652-3	0	9990
2	37852	101.7234	148.0117	0248911	111.2437	251.5538	14.79565772	028159
1	37852U	11061C	12127.20405426	.00004564	00000-0	36886-3	0	9993
2	37852	101.7234	148.4059	0248880	110.4561	252.3543	14.79568413	28185
1	37852U	11061C	12127.94791671	+.00004494	+00000-0	+36331-3	0	9991
2	37852	101.7235	149.4883	0248858	108.3452	254.4986	14.79574986	028302
1	37852U	11061C	12128.55652792	.00004535	00000-0	36654-3	0	9993
2	37852	101.7234	150.3745	0248824	106.6027	256.2652	14.79580821	28384
1	37852U	11061C	12128.89464415	+.00004548	+00000-0	+36754-3	0	9998
2	37852	101.7234	150.8665	0248795	105.6322	257.2482	14.79584045	028445
1	37852U	11061C	12129.63849580	.00004627	00000-0	37371-3	0	9995
2	37852	101.7233	151.9493	0248781	103.5124	259.3905	14.79591458	28547
1	37852U	11061C	12129.97660924	+.00004661	+00000-0	+37640-3	0	9992
2	37852	101.7232	152.4413	0248746	102.5445	260.3697	14.79594859	028605
1	37852U	11061C	12130.65283330	.00004585	00000-0	37042-3	0	9992
2	37852	101.7239	153.4265	0248710	100.6387	262.2930	14.79600852	28694
1	37852U	11061C	12130.99094314	+.00004695	+00000-0	+37917-3	0	9994
2	37852	101.7239	153.9188	0248614	099.6771	263.2607	14.79604622	028758
1	37852U	11061C	12131.73478003	+.00005157	+00000-0	+41532-3	0	9990
2	37852	101.7236	155.0017	0248565	097.5254	265.4252	14.79614633	028862
1	37852U	11061C	12132.00526417	.00005378	00000-0	43291-3	0	9993
2	37852	101.7234	155.3958	0248392	096.7499	266.2029	14.79618673	28899
1	37852U	11061C	12132.95195657	+.00005746	+00000-0	+46140-3	0	9990
2	37852	101.7229	156.7732	0248473	094.0569	268.9098	14.79631324	029048
1	37852U	11061C	12133.08719633	.00005925	00000-0	47557-3	0	9993
2	37852	101.7227	156.9703	0248377	093.6139	269.3496	14.79633933	29053
1	37852U	11061C	12133.96625803	+.00006150	+00000-0	+49284-3	0	9995
2	37852	101.7224	158.2493	0248449	091.0972	271.8708	14.79645950	029199
1	37852U	11061C	12134.50721377	.00006412	00000-0	51302-3	0	9994
2	37852	101.7222	159.0368	0248544	089.6087	273.3589	14.79654147	29263
1	37852U	11061C	12134.98054816	+.00006516	+00000-0	+52113-3	0	9999
2	37852	101.7220	159.7255	0248540	088.2547	274.7103	14.79660933	029341
1	37852U	11061C	12135.52149889	.00006601	00000-0	52758-3	0	9995
2	37852	101.7219	160.5127	0248545	086.7201	276.2403	14.79668591	29418
1	37852U	11061C	12135.92721057	+.00006503	+00000-0	+51989-3	0	9998
2	37852	101.7221	161.1032	0248541	085.5826	277.3716	14.79673455	029480
1	37852U	11061C	12136.53577435	.00006547	00000-0	52328-3	0	9991
2	37852	101.7222	161.9892	0248497	083.8421	279.1024	14.79681780	29566
1	37852U	11061C	12136.94148197	+.00006471	+00000-0	+51736-3	0	9993
2	37852	101.7222	162.5795	0248483	082.7011	280.2356	14.79686739	029631
1	37852U	11061C	12137.55003989	.00006448	00000-0	51550-3	0	9998
2	37852	101.7223	163.4653	0248449	080.9601	281.9621	14.79694628	29710
1	37852U	11061C	12137.68527457	+.00006425	+00000-0	+51367-3	0	9994
2	37852	101.7223	163.6620	0248430	080.5709	282.3477	14.79696287	029741
1	37852U	11061C	12138.56429449	.00006470	00000-0	51715-3	0	9991
2	37852	101.7223	164.9416	0248403	078.0685	284.8245	14.79708053	29861
1	37852U	11061C	12138.96999317	+.00006555	+00000-0	+52366-3	0	9998
2	37852	101.7222	165.5319	0248415	076.9079	285.9723	14.79713875	029935
1	37852U	11061C	12139.84899960	.00006807	00000-0	54305-3	0	9994
2	37852	101.7218	166.8110	0248457	074.4308	288.4170	14.79727224	30059
1	37852U	11061C	12139.98423041	+.00006866	+00000-0	+54765-3	0	9997
2	37852	101.7217	167.0077	0248435	074.0411	288.8007	14.79729429	030085
1	37852U	11061C	12140.86322713	.00006952	00000-0	55417-3	0	9991
2	37852	101.7215	168.2869	0248420	071.5620	291.2401	14.79742329	30207
1	37852U	11061C	12141.94505770	+.00007061	+00000-0	+56266-3	0	9992
2	37852	101.7214	169.8613	0248321	068.4691	294.2781	14.79758484	030374
1	37852U	11061C	12142.21551261	.00007187	00000-0	57259-3	0	9991
2	37852	101.7213	170.2554	0248262	067.6845	295.0470	14.79763067	30400
1	37852U	11061C	12142.95926187	+.00007128	+00000-0	+56796-3	0	9995
2	37852	101.7213	171.3377	0248213	065.5646	297.1231	14.79773592	030522
1	37852U	11061C	12143.22971417	.00007203	00000-0	57375-3	0	9990
2	37852	101.7213	171.7318	0248209	064.7749	297.8958	14.79777904	30558
1	37852U	11061C	12143.97345552	+.00007053	+00000-0	+56206-3	0	9992
2	37852	101.7213	172.8139	0248127	062.6614	299.9606	14.79787951	030677
1	37852U	11061C	12144.24390521	.00007073	00000-0	56356-3	0	9997
2	37852	101.7214	173.2082	0248122	061.8880	300.7156	14.79791881	30703
1	37852U	11061C	12144.98763798	+.00007112	+00000-0	+56651-3	0	9990
2	37852	101.7213	174.2905	0248101	059.7710	302.7813	14.79802794	030823
1	37852U	11061C	12145.25808370	.00007245	00000-0	57673-3	0	9999
2	37852	101.7212	174.6842	0248119	058.9930	303.5379	14.79807462	30856
1	37852U	11061C	12145.86658568	+.00007266	+00000-0	+57829-3	0	9994
2	37852	101.7209	175.5693	0248102	057.2571	305.2281	14.79816578	030951
1	37852U	11061C	12146.54269350	.00007324	00000-0	58268-3	0	9990
2	37852	101.7209	176.5535	0248085	055.3321	307.0983	14.79826906	31045
1	37852U	11061C	12146.94835705	+.00007177	+00000-0	+57120-3	0	9999
2	37852	101.7212	177.1441	0248083	054.1747	308.2220	14.79832078	031111
1	37852U	11061C	12147.55684875	.00007048	00000-0	56094-3	0	9993
2	37852	101.7211	178.0295	0248097	052.3887	309.9547	14.79840328	31192
1	37852U	11061C	12147.96250800	+.00006921	+00000-0	+55105-3	0	9996
2	37852	101.7211	178.6197	0248052	051.2558	311.0524	14.79845412	031269
1	37852U	11061C	12148.57099414	.00006752	00000-0	53781-3	0	9996
2	37852	101.7212	179.5057	0248045	049.5702	312.6845	14.79852828	31349
1	37852U	11061C	12148.97665005	+.00006472	+00000-0	+51622-3	0	9996
2	37852	101.7217	180.0965	0247901	048.4495	313.7669	14.79856770	031410
1	37852U	11061C	12149.85556727	.00005979	00000-0	47777-3	0	9991
2	37852	101.7219	181.3759	0247848	045.8825	316.2467	14.79865383	31532
1	37852U	11061C	12149.92317621	+.00005913	+00000-0	+47267-3	0	9999
2	37852	101.7220	181.4743	0247828	045.7006	316.4223	14.79865847	031555
1	37852U	11061C	12150.93730479	+.00005295	+00000-0	+42461-3	0	9996
2	37852	101.7223	182.9503	0247720	042.8064	319.2122	14.79874096	031703
1	37852U	11061C	12151.14013084	.00004990	00000-0	40085-3	0	9997
2	37852	101.7222	183.2453	0247691	042.2656	319.7323	14.79874550	31723
1	37852U	11061C	12151.95142749	+.00004710	+00000-0	+37894-3	0	9991
2	37852	101.7223	184.4261	0247693	039.9422	321.9685	14.79881235	031858
1	37852U	11061C	12152.22185955	.00004594	00000-0	36984-3	0	9997
2	37852	101.7224	184.8201	0247736	039.1808	322.7029	14.79883131	31886
1	37852U	11061C	12152.96554247	+.00004530	+00000-0	+36479-3	0	9991
2	37852	101.7224	185.9026	0247720	037.0375	324.7638	14.79889788	032009
1	37852U	11061C	12153.23597111	.00004569	00000-0	36785-3	0	9991
2	37852	101.7223	186.2967	0247680	036.2640	325.5064	14.79892502	32030
1	37852U	11061C	12153.97964826	+.00004573	+00000-0	+36809-3	0	9995
2	37852	101.7222	187.3790	0247688	034.1386	327.5469	14.79899531	032150
1	37852U	11061C	12154.52050085	.00004789	00000-0	38486-3	0	9992
2	37852	101.7220	188.1671	0247715	032.6112	329.0132	14.79905797	32220
1	37852U	11061C	12154.92613921	+.00004742	+00000-0	+38112-3	0	9995
2	37852	101.7220	188.7575	0247719	031.4452	330.1285	14.79909538	032293
1	37852U	11061C	12155.53459371	.00004922	00000-0	39504-3	0	9996
2	37852	101.7218	189.6434	0247730	029.7150	331.7859	14.79916523	32377
1	37852U	11061C	12155.94022890	+.00004967	+00000-0	+39850-3	0	9996
2	37852	101.7219	190.2339	0247750	028.5462	332.9057	14.79920874	032440
1	37852U	11061C	12156.54867790	.00005154	00000-0	41307-3	0	9998
2	37852	101.7217	191.1198	0247716	026.8125	334.5639	14.79928230	32527
1	37852U	11061C	12156.95430871	+.00005373	+00000-0	+42999-3	0	9990
2	37852	101.7215	191.7102	0247727	025.6415	335.6860	14.79933772	032599
1	37852U	11061C	12157.56275085	.00005687	00000-0	45459-3	0	9994
2	37852	101.7215	192.5968	0247607	023.9309	337.3202	14.79942325	32670
1	37852U	11061C	12157.96837693	+.00005892	+00000-0	+47030-3	0	9992
2	37852	101.7214	193.1873	0247692	022.7783	338.4194	14.79948250	032741
1	37852U	11061C	12158.64441610	.00006263	00000-0	49935-3	0	9997
2	37852	101.7213	194.1726	0247577	020.8441	340.2643	14.79958660	32836
1	37852U	11061C	12158.98243513	+.00006453	+00000-0	+51391-3	0	9996
2	37852	101.7211	194.6646	0247627	019.8558	341.2119	14.79964036	032892
1	37852U	11061C	12159.65846718	.00006433	00000-0	51224-3	0	9990
2	37852	101.7174	195.6475	0247605	017.9363	343.0381	14.79974663	32988
1	37852U	11061C	12159.92887963	+.00006433	+00000-0	+51222-3	0	9995
2	37852	101.7174	196.0410	0247589	017.1676	343.7711	14.79978208	033032
1	37852U	11061C	12160.87531776	.00006410	00000-0	51035-3	0	9996
2	37852	101.7173	197.4188	0247557	014.4571	346.3542	14.79990552	33168
1	37852U	11061C	12160.94292035	+.00006392	+00000-0	+50896-3	0	9999
2	37852	101.7173	197.5172	0247547	014.2659	346.5365	14.79991306	033181
1	37852U	11061C	12161.88935103	.00006273	00000-0	49951-3	0	9991
2	37852	101.7174	198.8947	0247557	011.5448	349.1273	14.80002747	33319
1	37852U	11061C	12161.95695321	+.00006241	+00000-0	+49708-3	0	9999
2	37852	101.7174	198.9931	0247534	011.3539	349.3094	14.80003403	033332
1	37852U	11061C	12162.90337925	.00005887	00000-0	46907-3	0	9991
2	37852	101.7174	200.3707	0247709	008.6094	351.9226	14.80012825	33468
1	37852U	11061C	12162.97098150	+.00005790	+00000-0	+46168-3	0	9994
2	37852	101.7175	200.4693	0247635	008.4391	352.0851	14.80013018	033483
1	37852U	11061C	12163.98500156	+.00005475	+00000-0	+43697-3	0	9994
2	37852	101.7181	201.9466	0247718	005.5390	354.8457	14.80022711	033632
1	37852U	11061C	12164.05260361	.00005306	00000-0	42405-3	0	9993
2	37852	101.7183	202.0457	0247602	005.3775	354.9993	14.80022423	33639
1	37852U	11061C	12164.66101143	+.00005206	+00000-0	+41627-3	0	9996
2	37852	101.7184	202.9315	0247563	003.6463	356.6461	14.80028369	033738
1	37852U	11061C	12165.20181574	.00005202	00000-0	41591-3	0	9999
2	37852	101.7184	203.7194	0247562	002.1066	358.1116	14.80034099	33803
1	37852U	11061C	12165.94541824	+.00005207	+00000-0	+41625-3	0	9991
2	37852	101.7184	204.8017	0247556	359.9854	000.1302	14.80042064	033925
1	37852U	11061C	12166.55381734	.00005184	00000-0	41446-3	0	9996
2	37852	101.7186	205.6879	0247536	358.2570	001.7744	14.80048375	34005
1	37852U	11061C	12166.95941588	+.00005069	+00000-0	+40547-3	0	9992
2	37852	101.7185	206.2783	0247509	357.0812	002.8923	14.80051972	034076
1	37852U	11061C	12167.56781133	.00005016	00000-0	40122-3	0	9999
2	37852	101.7184	207.1639	0247568	355.3407	004.5480	14.80057982	34154
1	37852U	11061C	12167.97340746	+.00004868	+00000-0	+38989-3	0	9997
2	37852	101.7186	207.7548	0247468	354.1913	005.6406	14.80061200	034225
1	37852U	11061C	12168.85219686	.00004578	00000-0	36743-3	0	9997
2	37852	101.7185	209.0344	0247380	351.6881	008.0248	14.80068033	34347
1	37852U	11061C	12168.91979583	+.00004563	+00000-0	+36621-3	0	9992
2	37852	101.7185	209.1329	0247382	351.4997	008.2040	14.80068572	034361
1	37852U	11061C	12170.13657334	.00004312	00000-0	34674-3	0	9994
2	37852	101.7184	210.9050	0247349	348.0547	011.4847	14.80078098	34531
1	37852U	11061C	12170.81255640	+.00004312	+00000-0	+34667-3	0	9995
2	37852	101.7185	211.8891	0247322	346.1301	013.3187	14.80084096	034648
1	37852U	11061C	12171.21814407	.00004419	00000-0	35497-3	0	9992
2	37852	101.7189	212.4801	0247320	344.9809	014.4124	14.80088163	34694
1	37852U	11061C	12171.96172146	+.00003723	+00000-0	+30106-3	0	9990
2	37852	101.7155	213.5611	0247206	342.8440	016.4509	14.80093095	034812
1	37852U	11061C	12172.23211219	.00003676	00000-0	29740-3	0	9995
2	37852	101.7155	213.9547	0247194	342.0734	017.1843	14.80095080	34846
1	37852U	11061C	12172.97568710	+.00003182	+00000-0	+25894-3	0	9995
2	37852	101.7167	215.0380	0247230	339.9490	019.2129	14.80098958	034962
1	37852U	11061C	12173.24607760	.00002935	00000-0	23970-3	0	9993
2	37852	101.7161	215.4321	0247274	339.1982	019.9280	14.80099897	34992
1	37852U	11061C	12173.65166307	+.00002569	+00000-0	+21112-3	0	9994
2	37852	101.7162	216.0228	0247399	338.0322	021.0401	14.80101080	035066
1	37852U	11061C	12174.26004104	.00002149	00000-0	17854-3	0	9990
2	37852	101.7160	216.9094	0247312	336.3079	022.6881	14.80102554	35144
1	37852U	11061C	12174.93601544	+.00001937	+00000-0	+16214-3	0	9998
2	37852	101.7165	217.8937	0247257	334.3681	024.5432	14.80104645	035258
1	37852U	11061C	12175.47679344	.00002018	00000-0	16838-3	0	9994
2	37852	101.7164	218.6812	0247293	332.8273	026.0159	14.80107295	35323
1	37852U	11061C	12175.94997467	+.00001855	+00000-0	+15573-3	0	9998
2	37852	101.7157	219.3692	0247330	331.4681	027.3166	14.80108588	035406
1	37852U	11061C	12176.55834896	.00001926	00000-0	16118-3	0	9997
2	37852	101.7153	220.2554	0247385	329.7507	028.9604	14.80111339	35487
1	37852U	11061C	12176.96393258	+.00001681	+00000-0	+14212-3	0	9995
2	37852	101.7153	220.8459	0247523	328.5837	030.0776	14.80111768	035552
1	37852U	11061C	12177.70750134	.00001355	00000-0	11683-3	0	9995
2	37852	101.7151	221.9286	0247508	326.4459	032.1249	14.80112735	35654
1	37852U	11061C	12177.97789003	+.00001366	+00000-0	+11763-3	0	9992
2	37852	101.7151	222.3221	0247523	325.6780	032.8635	14.80113601	035708
1	37852U	11061C	12178.72145791	.00001241	00000-0	10801-3	0	9990
2	37852	101.7156	223.4051	0247385	323.5568	034.8999	14.80115055	35804
1	37852U	11061C	12178.92424916	+.00001260	+00000-0	+10950-3	0	9997
2	37852	101.7156	223.7002	0247402	322.9788	035.4564	14.80115723	035841
1	37852U	11061C	12179.73541278	.00001263	00000-0	10971-3	0	9994
2	37852	101.7158	224.8816	0247413	320.6720	037.6731	14.80117991	35952
1	37852U	11061C	12179.93820370	+.00001281	+00000-0	+11111-3	0	9996
2	37852	101.7158	225.1767	0247434	320.0969	038.2270	14.80118665	035991
1	37852U	11061C	12180.95215635	+.00001389	+00000-0	+11946-3	0	9997
2	37852	101.7161	226.6537	0247436	317.2199	040.9970	14.80122164	036145
1	37852U	11061C	12181.08734959	.00001494	00000-0	12761-3	0	9990
2	37852	101.7160	226.8510	0247478	316.8365	041.3669	14.80123102	36157
1	37852U	11061C	12181.96610711	+.00001549	+00000-0	+13195-3	0	9999
2	37852	101.7161	228.1303	0247402	314.3380	043.7774	14.80126253	036298
1	37852U	11061C	12182.16889704	.00001566	00000-0	13320-3	0	9991
2	37852	101.7161	228.4256	0247414	313.7634	044.3317	14.80127026	36318
1	37852U	11061C	12182.98005719	+.00001514	+00000-0	+12920-3	0	9995
2	37852	101.7158	229.6058	0247385	311.4488	046.5693	14.80129513	036444
1	37852U	11061C	12183.18283535	.00001538	00000-0	13107-3	0	9996
2	37852	101.7159	229.9012	0247390	310.8694	047.1302	14.80130303	36461
1	37852U	11061C	12183.72360693	+.00001591	+00000-0	+13518-3	0	9992
2	37852	101.7133	230.6882	0247388	309.3264	048.6225	14.80132851	036550
1	37852U	11061C	12184.53476515	.00001602	00000-0	13609-3	0	9997
2	37852	101.7135	231.8690	0247336	307.0142	050.8669	14.80135725	36667
1	37852U	11061C	12184.94034347	+.00001601	+00000-0	+13600-3	0	9995
2	37852	101.7139	232.4597	0247317	305.8583	051.9877	14.80137120	036730
1	37852U	11061C	12185.95428722	+.00001735	+00000-0	+14633-3	0	9996
2	37852	101.7147	233.9370	0247352	302.9816	054.7827	14.80141664	036880
1	37852U	11061C	12186.56265156	.00001915	00000-0	16031-3	0	9998
2	37852	101.7147	234.8231	0247340	301.2448	056.4738	14.80145211	36967
1	37852U	11061C	12186.96822764	+.00001985	+00000-0	+16579-3	0	9990
2	37852	101.7151	235.4138	0247298	300.0905	057.5983	14.80147290	037034
1	37852U	11061C	12187.91456983	.00002202	00000-0	18271-3	0	9996
2	37852	101.7152	236.7916	0247160	297.3765	060.2481	14.80152827	37163
1	37852U	11061C	12187.98216565	+.00002201	+00000-0	+18258-3	0	9997
2	37852	101.7152	236.8899	0247154	297.1825	060.4373	14.80153136	037180
1	37852U	11061C	12188.92850671	+.00002248	+00000-0	+18630-3	0	9999
2	37852	101.7154	238.2679	0247115	294.4808	063.0800	14.80157911	037327
1	37852U	11061C	12189.19888987	.00002215	00000-0	18369-3	0	9993
2	37852	101.7155	238.6621	0247131	293.7202	063.8246	14.80158982	37351
1	37852U	11061C	12189.87484689	+.00002179	+00000-0	+18085-3	0	9993
2	37852	101.7159	239.6467	0247157	291.8020	065.7047	14.80161913	037469
1	37852U	11061C	12190.55080311	.00002161	00000-0	17945-3	0	9999
2	37852	101.7161	240.6317	0247116	289.8747	067.5981	14.80164871	37559
1	37852U	11061C	12190.95637675	+.00002064	+00000-0	+17196-3	0	9994
2	37852	101.7159	241.2221	0247071	288.7004	068.7525	14.80166157	037625
1	37852U	11061C	12191.56473554	.00002169	00000-0	18009-3	0	9996
2	37852	101.7160	242.1084	0247097	286.9765	070.4494	14.80169479	37700
1	37852U	11061C	12191.97030752	+.00002263	+00000-0	+18739-3	0	9995
2	37852	101.7160	242.6986	0247117	285.8369	071.5718	14.80171914	037772
1	37852U	11061C	12192.84904434	.00002516	00000-0	20702-3	0	9993
2	37852	101.7160	243.9780	0247034	283.3293	074.0477	14.80177822	37892
1	37852U	11061C	12192.98423431	+.00002554	+00000-0	+20997-3	0	9999
2	37852	101.7160	244.1747	0247055	282.9475	074.4242	14.80178774	037923
1	37852U	11061C	12193.79537266	+.00002814	+00000-0	+23021-3	0	9991
2	37852	101.7162	245.3557	0246964	280.6124	076.7348	14.80184862	038042
1	37852U	11061C	12194.20094094	.00002951	00000-0	24070-3	0	9992
2	37852	101.7163	245.9466	0247053	279.4761	077.8595	14.80188084	38092
1	37852U	11061C	12194.94448335	+.00002884	+00000-0	+23552-3	0	9993
2	37852	101.7165	247.0292	0247008	277.3426	079.9757	14.80192249	038214
1	37852U	11061C	12195.55283559	.00002841	00000-0	23223-3	0	9994
2	37852	101.7166	247.9150	0246956	275.6092	081.6993	14.80195615	38298
1	37852U	11061C	12195.95840369	+.00002734	+00000-0	+22387-3	0	9997
2	37852	101.7167	248.5057	0246975	274.4557	082.8465	14.80197341	038369
1	37852U	11061C	12196.90472827	.00002467	00000-0	20313-3	0	9993
2	37852	101.7173	249.8849	0246974	271.7476	085.5448	14.80200889	38495
1	37852U	11061C	12196.97232279	+.00002468	+00000-0	+20326-3	0	9990
2	37852	101.7173	249.9834	0246976	271.5540	085.7384	14.80201251	038510
1	37852U	11061C	12197.85105141	+.00002252	+00000-0	+18644-3	0	9996
2	37852	101.7170	251.2630	0247004	269.0374	088.2517	14.80204426	038644
1	37852U	11061C	12198.12142886	.00002279	00000-0	18850-3	0	9992
2	37852	101.7172	251.6570	0247019	268.2565	089.0338	14.80205803	38675
1	37852U	11061C	12198.86496501	+.00002508	+00000-0	+20632-3	0	9995
2	37852	101.7171	252.7395	0246922	266.1407	091.1536	14.80210483	038792
1	37852U	11061C	12199.20293502	.00002707	00000-0	22162-3	0	9991
2	37852	101.7172	253.2320	0247004	265.1989	092.0973	14.80213071	38839
1	37852U	11061C	12199.94646940	+.00002780	+00000-0	+22731-3	0	9993
2	37852	101.7173	254.3146	0247020	263.0931	094.2121	14.80217561	038950
1	37852U	11061C	12200.55481390	.00002926	00000-0	23850-3	0	9994
2	37852	101.7174	255.2005	0247038	261.3729	095.9412	14.80221715	39037
1	37852U	11061C	12200.75759603	+.00002572	+00000-0	+21108-3	0	9992
2	37852	101.7176	255.4961	0247071	260.7645	096.5529	14.80221607	039079
1	37852U	11061C	12201.77150403	.00002173	00000-0	18011-3	0	9994
2	37852	101.7177	256.9734	0247046	257.8915	099.4498	14.80225318	39219
1	37852U	11061C	12201.97428550	+.00002065	+00000-0	+17183-3	0	9996
2	37852	101.7177	257.2687	0247015	257.2973	100.0496	14.80225788	039256
1	37852U	11061C	12202.78541201	.00001758	00000-0	14801-3	0	9997
2	37852	101.7177	258.4501	0246969	254.9611	102.4138	14.80227670	39367
1	37852U	11061C	12203.73172534	+.00001362	+00000-0	+11726-3	0	9996
2	37852	101.7174	259.8282	0247043	252.2533	105.1536	14.80229162	039510
1	37852U	11061C	12204.20488196	.00001400	00000-0	12021-3	0	9995
2	37852	101.7175	260.5174	0247054	250.9011	106.5283	14.80230711	39570
1	37852U	11061C	12204.74563217	+.00001267	+00000-0	+10990-3	0	9996
2	37852	101.7174	261.3044	0247067	249.3627	108.0904	14.80231768	039663
1	37852U	11061C	12205.55675763	.00001280	00000-0	11090-3	0	9993
2	37852	101.7175	262.4859	0246997	247.0552	110.4421	14.80233989	39773
1	37852U	11061C	12205.89472731	+.00000950	+00000-0	+85295-4	0	9992
2	37852	101.7175	262.9774	0247055	246.0624	111.4517	14.80233232	039834
1	37852U	11061C	12206.84104142	.00000766	00000-0	71018-4	0	9999
2	37852	101.7173	264.3552	0247025	243.3720	114.1986	14.80234233	39962
1	37852U	11061C	12207.85494763	.00000990	00000-0	88432-4	0	9999
2	37852	101.7171	265.8322	0246993	240.5049	117.1325	14.80237230	40116
1	37852U	11061C	12207.85494763	+.00001015	+00000-0	+90355-4	0	9995
2	37852	101.7171	265.8322	0246989	240.4990	117.1391	14.80237347	040128
1	37852U	11061C	12208.86885080	.00001460	00000-0	12480-3	0	9999
2	37852	101.7169	267.3095	0246922	237.6102	120.0998	14.80242240	40268
1	37852U	11061C	12208.93644421	+.00001498	+00000-0	+12780-3	0	9993
2	37852	101.7169	267.4080	0246904	237.4247	120.2900	14.80242644	040286
1	37852U	11061C	12209.95034706	+.00001495	+00000-0	+12755-3	0	9994
2	37852	101.7167	268.8842	0246947	234.5261	123.2667	14.80246065	040437
1	37852U	11061C	12210.15312713	.00001569	00000-0	13321-3	0	9997
2	37852	101.7167	269.1796	0246986	233.9541	123.8547	14.80247089	40458
1	37852U	11061C	12210.96424914	+.00001442	+00000-0	+12336-3	0	9998
2	37852	101.7167	270.3603	0246999	231.6412	126.2360	14.80249187	040580
1	37852U	11061C	12211.23462286	.00001476	00000-0	12601-3	0	9995
2	37852	101.7166	270.7543	0246994	230.8782	127.0230	14.80250169	40613
1	37852U	11061C	12211.91055505	+.00001780	+00000-0	+14951-3	0	9990
2	37852	101.7181	271.7413	0247062	228.8675	129.0966	14.80253696	040720
1	37852U	11061C	12212.78926594	.00002045	00000-0	16996-3	0	9997
2	37852	101.7176	273.0207	0247058	226.3690	131.6783	14.80258586	40847
1	37852U	11061C	12213.73556460	+.00002722	+00000-0	+22230-3	0	9994
2	37852	101.7171	274.3990	0247030	223.7071	134.4339	14.80266755	040990
1	37852U	11061C	12214.20871161	.00003157	00000-0	25590-3	0	9990
2	37852	101.7169	275.0883	0247062	222.3811	135.8089	14.80271798	41056
1	37852U	11061C	12214.95222774	+.00003470	+00000-0	+28026-3	0	9997
2	37852	101.7164	276.1703	0246893	220.2531	138.0163	14.80278587	041175
1	37852U	11061C	12215.22259596	.00003618	00000-0	29169-3	0	9993
2	37852	101.7163	276.5642	0246912	219.5111	138.7861	14.80281355	41200
1	37852U	11061C	12215.96610911	+.00003678	+00000-0	+29620-3	0	9994
2	37852	101.7159	277.6461	0246956	217.3821	140.9975	14.80287359	041322
1	37852U	11061C	12216.23647669	.00003725	00000-0	29982-3	0	9999
2	37852	101.7158	278.0400	0246964	216.6221	141.7874	14.80289663	41354
1	37852U	11061C	12216.91239520	+.00003699	+00000-0	+29773-3	0	9995
2	37852	101.7157	279.0238	0246966	214.7005	143.7868	14.80294770	041466
1	37852U	11061C	12217.25035318	.00003768	00000-0	30305-3	0	9992
2	37852	101.7157	279.5161	0246956	213.7518	144.7742	14.80297722	41500
1	37852U	11061C	12217.92626809	+.00003846	+00000-0	+30900-3	0	9995
2	37852	101.7155	280.4999	0246966	211.8130	146.7947	14.80303458	041613
1	37852U	11061C	12218.80495226	.00004228	00000-0	33863-3	0	9996
2	37852	101.7158	281.7805	0246809	209.3303	149.3852	14.80312655	41732
1	37852U	11061C	12219.75122261	+.00004431	+00000-0	+35436-3	0	9991
2	37852	101.7156	283.1586	0246754	206.6484	152.1854	14.80322192	041888
1	37852U	11061C	12220.15676526	.00004575	00000-0	36556-3	0	9998
2	37852	101.7155	283.7491	0246671	205.5129	153.3730	14.80326701	41932
1	37852U	11061C	12220.76507682	+.00004722	+00000-0	+37679-3	0	9992
2	37852	101.7153	284.6345	0246722	203.7534	155.2105	14.80333294	042039
1	37852U	11061C	12221.17061702	.00004804	00000-0	38307-3	0	9996
2	37852	101.7153	285.2253	0246688	202.6121	156.4058	14.80337659	42089
1	37852U	11061C	12221.77892550	+.00004791	+00000-0	+38183-3	0	9992
2	37852	101.7150	286.1105	0246814	200.8612	158.2372	14.80343617	042189
1	37852U	11061C	12222.18446350	.00004793	00000-0	38198-3	0	9999
2	37852	101.7150	286.7010	0246792	199.7058	159.4475	14.80347610	42235
1	37852U	11061C	12222.79276838	+.00004801	+00000-0	+38253-3	0	9990
2	37852	101.7148	287.5863	0246772	197.9740	161.2616	14.80353676	042331
1	37852U	11061C	12223.19830330	.00004857	00000-0	38684-3	0	9997
2	37852	101.7148	288.1772	0246748	196.8285	162.4619	14.80357943	42384
1	37852U	11061C	12223.80660416	+.00004874	+00000-0	+38810-3	0	9991
2	37852	101.7146	289.0625	0246726	195.0920	164.2824	14.80364144	042482
1	37852U	11061C	12224.21213628	.00004953	00000-0	39423-3	0	9995
2	37852	101.7146	289.6532	0246677	193.9478	165.4824	14.80368629	42536
1	37852U	11061C	12224.75284437	+.00004970	+00000-0	+39548-3	0	9997
2	37852	101.7146	290.4405	0246654	192.4051	167.0998	14.80374232	042628
1	37852U	11061C	12225.56390335	.00005003	00000-0	39807-3	0	9998
2	37852	101.7146	291.6214	0246565	190.0936	169.5267	14.80382690	42731
1	37852U	11061C	12225.76666757	+.00004818	+00000-0	+38360-3	0	9990
2	37852	101.7144	291.9162	0246708	189.5202	170.1248	14.80383764	042776
1	37852U	11061C	12226.84807415	.00004450	00000-0	35458-3	0	9995
2	37852	101.7148	293.4907	0247029	186.3995	173.4015	14.80392263	42924
1	37852U	11061C	12226.91566222	+.00004436	+00000-0	+35347-3	0	9992
2	37852	101.7148	293.5890	0247045	186.1987	173.6140	14.80392803	042946
1	37852U	11061C	12227.86188725	.00004140	00000-0	33058-3	0	9994
2	37852	101.7150	294.9668	0247048	183.4966	176.4503	14.80399824	43076
1	37852U	11061C	12227.92947491	+.00004146	+00000-0	+33103-3	0	9991
2	37852	101.7148	295.0651	0247033	183.2975	176.6609	14.80400434	043090
1	37852U	11061C	12228.94328093	+.00004076	+00000-0	+32561-3	0	9994
2	37852	101.7150	296.5418	0246959	180.4292	179.6727	14.80408730	043245
1	37852U	11061C	12229.21362793	.00004136	00000-0	33026-3	0	9994
2	37852	101.7150	296.9358	0246953	179.6659	180.4748	14.80411292	43276
1	37852U	11061C	12229.75432126	+.00004148	+00000-0	+33120-3	0	9999
2	37852	101.7151	297.7232	0246906	178.1242	182.0943	14.80415988	043368
1	37852U	11061C	12230.36259888	.00004214	00000-0	33632-3	0	9992
2	37852	101.7151	298.6093	0246818	176.3891	183.9166	14.80421544	43446
1	37852U	11061C	12230.76811665	+.00003976	+00000-0	+31789-3	0	9998
2	37852	101.7151	299.1994	0246853	175.2562	185.1023	14.80423783	043515
1	37852U	11061C	12231.44397721	.00004123	00000-0	32938-3	0	9998
2	37852	101.7150	300.1838	0246697	173.3408	187.1179	14.80430193	43605
1	37852U	11061C	12231.78190689	+.00003952	+00000-0	+31623-3	0	9998
2	37852	101.7152	300.6759	0246622	172.3907	188.1134	14.80432151	043669
1	37852U	11061C	12232.52534998	.00003864	00000-0	30937-3	0	9995
2	37852	101.7153	301.7587	0246640	170.2572	190.3539	14.80437675	43767
1	37852U	11061C	12232.93086492	+.00003463	+00000-0	+27847-3	0	9992
2	37852	101.7154	302.3488	0246647	169.0963	191.5719	14.80438712	043836
1	37852U	11061C	12233.87705989	.00003340	00000-0	26892-3	0	9998
2	37852	101.7154	303.7269	0246623	166.3971	194.4026	14.80444842	43969
1	37852U	11061C	12233.94464526	+.00003339	+00000-0	+26884-3	0	9994
2	37852	101.7154	303.8252	0246608	166.2027	194.6073	14.80445311	043984
1	37852U	11061C	12234.89083353	+.00003556	+00000-0	+28553-3	0	9990
2	37852	101.7153	305.2034	0246615	163.5022	197.4379	14.80453238	044124
1	37852U	11061C	12235.22875652	.00003662	00000-0	29364-3	0	9998
2	37852	101.7152	305.6957	0246623	162.5563	198.4306	14.80456279	44162
1	37852U	11061C	12235.90460044	+.00003838	+00000-0	+30719-3	0	9999
2	37852	101.7151	306.6799	0246586	160.6206	200.4579	14.80462423	044273
1	37852U	11061C	12236.24252016	.00004140	00000-0	33061-3	0	9995
2	37852	101.7148	307.1722	0246460	159.6593	201.4655	14.80466778	44317
1	37852U	11061C	12236.91835941	+.00004134	+00000-0	+32994-3	0	9990
2	37852	101.7147	308.1560	0246531	157.7317	203.4808	14.80472542	044429
1	37852U	11061C	12237.52661120	.00004409	00000-0	35144-3	0	9999
2	37852	101.7144	309.0419	0246316	155.9887	205.3037	14.80479349	44508
1	37852U	11061C	12237.93211171	+.00004353	+00000-0	+34683-3	0	9996
2	37852	101.7144	309.6322	0246450	154.8362	206.5084	14.80482708	044577
1	37852U	11061C	12238.81069133	.00004512	00000-0	35931-3	0	9997
2	37852	101.7142	310.9116	0246261	152.3257	209.1299	14.80491598	44694
1	37852U	11061C	12238.94585743	+.00004466	+00000-0	+35569-3	0	9996
2	37852	101.7142	311.1085	0246290	151.9321	209.5412	14.80492595	044724
1	37852U	11061C	12239.82442890	.00004860	00000-0	38609-3	0	9995
2	37852	101.7139	312.3883	0246223	149.4239	212.1578	14.80503062	44843
1	37852U	11061C	12239.89201120	+.00004830	+00000-0	+38368-3	0	9990
2	37852	101.7139	312.4867	0246253	149.2286	212.3606	14.80503564	044862
1	37852U	11061C	12240.90573855	+.00005279	+00000-0	+41813-3	0	9998
2	37852	101.7135	313.9632	0246273	146.3468	215.3650	14.80516415	045015
1	37852U	11061C	12240.90573866	.00005273	00000-0	41766-3	0	9991
2	37852	101.7135	313.9631	0246276	146.3461	215.3660	14.80516385	45006
1	37852U	11061C	12241.91945539	+.00005786	+00000-0	+45715-3	0	9990
2	37852	101.7130	315.4392	0246194	143.4420	218.3869	14.80530630	045164
1	37852U	11061C	12242.18977797	.00005911	00000-0	46676-3	0	9998
2	37852	101.7129	315.8329	0246137	142.6813	219.1772	14.80534497	45190
1	37852U	11061C	12242.93316292	+.00006014	+00000-0	+47475-3	0	9991
2	37852	101.7129	316.9154	0246065	140.5488	221.3917	14.80544201	045317
1	37852U	11061C	12243.20348253	.00006163	00000-0	48628-3	0	9990
2	37852	101.7129	317.3092	0245994	139.8038	222.1648	14.80548311	45344
1	37852U	11061C	12243.94686102	+.00006105	+00000-0	+48192-3	0	9991
2	37852	101.7129	318.3915	0245887	137.6649	224.3817	14.80557400	045468
1	37852U	11061C	12244.21717848	.00006210	00000-0	49014-3	0	9995
2	37852	101.7128	318.7852	0245791	136.9015	225.1725	14.80561331	45492
1	37852U	11061C	12244.89296948	+.00006330	+00000-0	+49929-3	0	9990
2	37852	101.7127	319.7691	0245795	134.9668	227.1745	14.80570616	045602
1	37852U	11061C	12245.23086183	.00006591	00000-0	51962-3	0	9996
2	37852	101.7126	320.2615	0245636	134.0282	228.1446	14.80576379	45646
1	37852U	11061C	12245.90664375	+.00007022	+00000-0	+55252-3	0	9991
2	37852	101.7125	321.2459	0245708	132.0682	230.1708	14.80587934	045759
1	37852U	11061C	12246.24453188	.00007266	00000-0	57162-3	0	9999
2	37852	101.7122	321.7380	0245526	131.1157	231.1526	14.80594092	45795
1	37852U	11061C	12246.92030399	+.00007850	+00000-0	+61630-3	0	9993
2	37852	101.7116	322.7220	0245568	129.1682	233.1630	14.80607436	045906
1	37852U	11061C	12247.93394524	+.00009159	+00000-0	+71636-3	0	9999
2	37852	101.7109	324.1988	0245663	126.2720	236.1459	14.80631574	046051
1	37852U	11061C	12248.47454774	.00009860	00000-0	77133-3	0	9990
2	37852	101.7105	324.9865	0245245	124.6870	237.7769	14.80645491	46125
1	37852U	11061C	12248.87999423	+.00010318	+00000-0	+80524-3	0	9997
2	37852	101.7101	325.5770	0245573	123.5858	238.9060	14.80656015	046199
1	37852U	11061C	12249.48816070	.00010809	00000-0	84358-3	0	9995
2	37852	101.7096	326.4625	0245295	121.8628	240.6711	14.80671536	46275
1	37852U	11061C	12249.89360185	+.00011035	+00000-0	+86025-3	0	9996
2	37852	101.7095	327.0530	0245428	120.7162	241.8463	14.80681608	046341
1	37852U	11061C	12250.77204901	.00011310	00000-0	88169-3	0	9995
2	37852	101.7094	328.3321	0245204	118.1838	244.4355	14.80702950	46461
1	37852U	11061C	12250.90719407	+.00011187	+00000-0	+87163-3	0	9997
2	37852	101.7095	328.5288	0245334	117.8231	244.8037	14.80705340	046493
1	37852U	11061C	12251.85320100	.00011010	00000-0	85826-3	0	9999
2	37852	101.7098	329.9065	0245138	115.1068	247.5777	14.80725729	46624
1	37852U	11061C	12251.92077239	+.00010884	+00000-0	+84826-3	0	9996
2	37852	101.7098	330.0047	0245211	114.9261	247.7596	14.80726552	046649
1	37852U	11061C	12252.93433917	+.00010111	+00000-0	+78917-3	0	9994
2	37852	101.7103	331.4802	0245012	112.0386	250.7018	14.80744298	046792
1	37852U	11061C	12253.94789224	+.00009396	+00000-0	+73423-3	0	9991
2	37852	101.7109	332.9561	0244891	109.1421	253.6448	14.80760811	046942
1	37852U	11061C	12254.21817129	.00009194	00000-0	71813-3	0	9995
2	37852	101.7111	333.3497	0245052	108.3663	254.4331	14.80764834	46979
1	37852U	11061C	12254.89386619	+.00008288	+00000-0	+64854-3	0	9994
2	37852	101.7117	334.3331	0244966	106.4541	256.3673	14.80772374	047081
1	37852U	11061C	12255.23171293	.00008038	00000-0	62886-3	0	9999
2	37852	101.7119	334.8251	0245107	105.4562	257.3830	14.80776690	47125
1	37852U	11061C	12255.90740134	+.00007032	+00000-0	+55171-3	0	9991
2	37852	101.7127	335.8088	0245040	103.5759	259.2762	14.80782137	047236
1	37852U	11061C	12256.24524617	.00006790	00000-0	53282-3	0	9996
2	37852	101.7128	336.3012	0245125	102.5974	260.2743	14.80785606	47271
1	37852U	11061C	12256.92092866	+.00006122	+00000-0	+48190-3	0	9998
2	37852	101.7133	337.2850	0244922	100.6836	262.1976	14.80791218	047384
1	37852U	11061C	12257.25876971	.00005905	00000-0	46503-3	0	9996
2	37852	101.7135	337.7774	0244996	099.7301	263.1631	14.80794217	47428
1	37852U	11061C	12257.93444858	+.00005348	+00000-0	+42236-3	0	9996
2	37852	101.7138	338.7613	0244886	097.7929	265.1113	14.80799154	047530
1	37852U	11061C	12258.47498846	.00005115	00000-0	40448-3	0	9997
2	37852	101.7141	339.5490	0244834	096.2625	266.6492	14.80803720	47605
1	37852U	11061C	12258.94796071	+.00004742	+00000-0	+37591-3	0	9990
2	37852	101.7140	340.2375	0244731	094.8958	268.0218	14.80806625	047681
1	37852U	11061C	12259.48849650	.00004659	00000-0	36945-3	0	9991
2	37852	101.7141	341.0250	0244752	093.3539	269.5684	14.80811412	47756
1	37852U	11061C	12259.89389792	+.00004389	+00000-0	+34873-3	0	9990
2	37852	101.7143	341.6154	0244706	092.1610	270.7606	14.80813850	047827
1	37852U	11061C	12260.50199700	.00004335	00000-0	34450-3	0	9990
2	37852	101.7144	342.5017	0244736	090.4282	272.4961	14.80818974	47909
1	37852U	11061C	12260.90739536	+.00004080	+00000-0	+32486-3	0	9995
2	37852	101.7144	343.0919	0244732	089.2642	273.6557	14.80821225	047972
1	37852U	11061C	12261.78575397	.00004001	00000-0	31885-3	0	9990
2	37852	101.7144	344.3719	0244650	086.7399	276.1741	14.80828192	48091
1	37852U	11061C	12262.79923754	.00004010	00000-0	31959-3	0	9998
2	37852	101.7145	345.8490	0244573	083.8070	279.0924	14.80836680	48245
1	37852U	11061C	12263.81271322	.00004098	00000-0	32633-3	0	9995
2	37852	101.7143	347.3256	0244548	080.9071	281.9710	14.80845667	48397
1	37852U	11061C	12264.82618032	.00004280	00000-0	34022-3	0	9997
2	37852	101.7141	348.8019	0244525	078.0024	284.8465	14.80855489	48548
1	37852U	11061C	12265.83963721	.00004669	00000-0	37015-3	0	9993
2	37852	101.7136	350.2780	0244433	075.1368	287.6763	14.80867045	48690
1	37852U	11061C	12266.85308593	.00004983	00000-0	39428-3	0	9995
2	37852	101.7132	351.7542	0244353	072.2028	290.5669	14.80878886	48840
1	37852U	11061C	12267.79896255	+.00005312	+00000-0	+41951-3	0	9997
2	37852	101.7128	353.1323	0244326	069.4763	293.2470	14.80890693	048998
1	37852U	11061C	12268.20433604	.00005442	00000-0	42948-3	0	9990
2	37852	101.7127	353.7231	0244297	068.2980	294.4048	14.80895823	49047
1	37852U	11061C	12268.81239401	+.00005421	+00000-0	+42775-3	0	9991
2	37852	101.7129	354.6093	0244315	066.5598	296.1081	14.80902416	049146
1	37852U	11061C	12269.21776371	.00005522	00000-0	43547-3	0	9998
2	37852	101.7128	355.2000	0244308	065.3899	297.2541	14.80907487	49194
1	37852U	11061C	12269.82581559	+.00005562	+00000-0	+43844-3	0	9991
2	37852	101.7125	356.0852	0244310	063.6838	298.9223	14.80914641	049298
1	37852U	11061C	12270.23118183	.00005670	00000-0	44680-3	0	9996
2	37852	101.7125	356.6759	0244267	062.5075	300.0743	14.80919879	49348
1	37852U	11061C	12270.83922712	+.00005802	+00000-0	+45684-3	0	9995
2	37852	101.7122	357.5613	0244267	060.8025	301.7368	14.80927735	049442
1	37852U	11061C	12271.85262609	+.00006281	+00000-0	+49372-3	0	9990
2	37852	101.7119	359.0377	0244106	057.9187	304.5465	14.80942871	049593
1	37852U	11061C	12272.25798188	.00006598	00000-0	51810-3	0	9992
2	37852	101.7118	359.6286	0244049	056.7092	305.7240	14.80949915	49641
1	37852U	11061C	12272.86601293	+.00006848	+00000-0	+53703-3	0	9990
2	37852	101.7115	000.5143	0244103	055.0356	307.3504	14.80959495	049744
1	37852U	11061C	12273.27136338	.00007184	00000-0	56291-3	0	9998
2	37852	101.7113	001.1049	0244024	053.8158	308.5344	14.80967131	49798
1	37852U	11061C	12273.81183005	+.00007206	+00000-0	+56450-3	0	9993
2	37852	101.7112	001.8921	0244003	052.2878	310.0169	14.80975150	049885
1	37852U	11061C	12274.28473567	.00007233	00000-0	56634-3	0	9994
2	37852	101.7112	002.5813	0244052	050.9205	311.3418	14.80982215	49944
1	37852U	11061C	12274.82519681	+.00007153	+00000-0	+56014-3	0	9995
2	37852	101.7112	003.3686	0244019	049.3548	312.8575	14.80989757	050036
1	37852U	11061C	12275.29809782	.00007155	00000-0	56020-3	0	9990
2	37852	101.7113	004.0575	0244013	048.0039	314.1661	14.80996644	50097
1	37852U	11061C	12275.83855214	+.00007262	+00000-0	+56833-3	0	9992
2	37852	101.7111	004.8446	0243989	046.4864	315.6327	14.81005053	050180
1	37852U	11061C	12276.31144527	.00007727	00000-0	60397-3	0	9990
2	37852	101.7109	005.5338	0243946	045.0666	317.0043	14.81014134	50241
1	37852U	11061C	12276.85189221	+.00007934	+00000-0	+61993-3	0	9992
2	37852	101.7108	006.3209	0243841	043.6053	318.4132	14.81023404	050338
1	37852U	11061C	12277.32478048	.00008218	00000-0	64139-3	0	9994
2	37852	101.7107	007.0100	0243905	042.2084	319.7612	14.81032162	50399
1	37852U	11061C	12277.86522229	+.00007678	+00000-0	+60031-3	0	9990
2	37852	101.7107	007.7970	0243739	040.6644	321.2466	14.81039279	050481
1	37852U	11061C	12278.81099126	.00006434	00000-0	50455-3	0	9999
2	37852	101.7110	009.1751	0243863	037.9468	323.8617	14.81048721	50612
1	37852U	11061C	12279.82431270	.00004543	00000-0	35934-3	0	9995
2	37852	101.7117	010.6524	0243994	035.0223	326.6734	14.81052342	50768
1	37852U	11061C	12280.83762880	.00003466	00000-0	27705-3	0	9992
2	37852	101.7120	012.1290	0243789	032.1687	329.4100	14.81055826	50918
1	37852U	11061C	12280.90518333	+.00003361	+00000-0	+26910-3	0	9993
2	37852	101.7120	012.2274	0243725	031.9969	329.5749	14.81055786	050938
1	37852U	11061C	12281.85093827	.00003348	00000-0	26811-3	0	9999
2	37852	101.7115	013.6046	0243710	029.3108	332.1506	14.81062477	51065
1	37852U	11061C	12281.91849213	+.00003249	+00000-0	+26043-3	0	9991
2	37852	101.7116	013.7030	0243747	029.1336	332.3185	14.81062466	051086
1	37852U	11061C	12282.86424254	.00003273	00000-0	26214-3	0	9997
2	37852	101.7112	015.0807	0243815	026.4351	334.9049	14.81069115	51212
1	37852U	11061C	12282.93179595	+.00003150	+00000-0	+25273-3	0	9998
2	37852	101.7112	015.1790	0243833	026.2566	335.0730	14.81069054	051233
1	37852U	11061C	12283.87753777	+.00004071	+00000-0	+32355-3	0	9994
2	37852	101.7109	016.5576	0243614	023.6055	337.6104	14.81079323	051375
1	37852U	11061C	12283.87753781	.00004060	00000-0	32271-3	0	9994
2	37852	101.7110	016.5577	0243625	023.6026	337.6132	14.81079283	51363
1	37852U	11061C	12284.89082209	.00005416	00000-0	42619-3	0	9990
2	37852	101.7106	018.0349	0243782	020.6486	340.4358	14.81094196	51512
1	37852U	11061C	12285.90410074	+.00004889	+00000-0	+38567-3	0	9998
2	37852	101.7107	019.5116	0243844	017.7223	343.2273	14.81104336	051678
1	37852U	11061C	12286.24185994	.00004682	00000-0	36981-3	0	9995
2	37852	101.7107	020.0037	0243840	016.7729	344.1356	14.81106903	51712
1	37852U	11061C	12286.91737642	+.00003405	+00000-0	+27210-3	0	9999
2	37852	101.7107	020.9874	0243756	014.8547	345.9615	14.81108753	051827
1	37852U	11061C	12287.25513404	.00003468	00000-0	27693-3	0	9999
2	37852	101.7107	021.4796	0243748	013.8901	346.8848	14.81111343	51861
1	37852U	11061C	12287.93064605	+.00003487	+00000-0	+27838-3	0	9990
2	37852	101.7103	022.4632	0243732	011.9825	348.7019	14.81116441	051971
1	37852U	11061C	12288.47105159	.00004216	00000-0	33405-3	0	9998
2	37852	101.7103	023.2510	0243802	010.3943	350.2173	14.81123778	52046
1	37852U	11061C	12288.94390521	+.00004560	+00000-0	+36015-3	0	9991
2	37852	101.7102	023.9399	0243903	009.0698	351.4791	14.81129526	052126
1	37852U	11061C	12289.88960467	.00005474	00000-0	43003-3	0	9997
2	37852	101.7100	025.3185	0243810	006.3864	354.0349	14.81143164	52251
1	37852U	11061C	12290.90284578	.00005907	00000-0	46278-3	0	9992
2	37852	101.7099	026.7952	0243907	003.4617	356.8202	14.81157165	52407
1	37852U	11061C	12291.84853272	+.00005509	+00000-0	+43246-3	0	9999
2	37852	101.7096	028.1725	0243822	000.7458	359.4026	14.81166407	052555
1	37852U	11061C	12292.25382569	.00005467	00000-0	42930-3	0	9993
2	37852	101.7095	028.7628	0243778	359.5937	000.5029	14.81170743	52600
1	37852U	11061C	12292.92931041	+.00005303	+00000-0	+41661-3	0	9991
2	37852	101.7095	029.7469	0243820	357.6742	002.3282	14.81177520	052718
1	37852U	11061C	12293.53724335	.00005442	00000-0	42717-3	0	9992
2	37852	101.7095	030.6330	0243807	355.9283	003.9933	14.81184865	52790
1	37852U	11061C	12294.55045874	.00005525	00000-0	43355-3	0	9990
2	37852	101.7094	032.1094	0243704	353.0549	006.7302	14.81196490	52948
1	37852U	11061C	12294.88819534	+.00005499	+00000-0	+43163-3	0	9995
2	37852	101.7093	032.6012	0243658	352.0947	007.6435	14.81200201	053002
1	37852U	11061C	12295.90139915	+.00005697	+00000-0	+44684-3	0	9996
2	37852	101.7091	034.0777	0243525	349.2049	010.3969	14.81212779	053150
1	37852U	11061C	12295.90139916	.00005730	00000-0	44929-3	0	9997
2	37852	101.7091	034.0778	0243555	349.2024	010.4001	14.81212954	53149
1	37852U	11061C	12296.91459515	.00005829	00000-0	45700-3	0	9996
2	37852	101.7093	035.5549	0243386	346.3087	013.1589	14.81225277	53291
1	37852U	11061C	12297.92778328	+.00005802	+00000-0	+45497-3	0	9998
2	37852	101.7091	037.0311	0243302	343.4225	015.9101	14.81237293	053452
1	37852U	11061C	12298.26551124	.00005856	00000-0	45906-3	0	9993
2	37852	101.7092	037.5234	0243308	342.4561	016.8348	14.81241565	53494
1	37852U	11061C	12298.94096362	+.00005857	+00000-0	+45909-3	0	9990
2	37852	101.7093	038.5080	0243281	340.5442	018.6578	14.81249668	053602
1	37852U	11061C	12299.27868800	.00006014	00000-0	47087-3	0	9996
2	37852	101.7093	039.0007	0243341	339.5637	019.5956	14.81254533	53649
1	37852U	11061C	12299.88659069	+.00005956	+00000-0	+46630-3	0	9995
2	37852	101.7093	039.8863	0243362	337.8210	021.2597	14.81261721	053747
1	37852U	11061C	12300.29185704	.00006052	00000-0	47351-3	0	9992
2	37852	101.7093	040.4774	0243395	336.6591	022.3705	14.81267144	53794
1	37852U	11061C	12301.30501875	.00005967	00000-0	46678-3	0	9991
2	37852	101.7096	041.9546	0243445	333.7608	025.1414	14.81279053	53940
1	37852U	11061C	12302.31817359	.00005781	00000-0	45242-3	0	9990
2	37852	101.7097	043.4314	0243481	330.8668	027.9119	14.81290295	54095
1	37852U	11061C	12303.33132283	.00005370	00000-0	42103-3	0	9996
2	37852	101.7103	044.9087	0243463	327.9724	030.6849	14.81299756	54245
1	37852U	11061C	12304.34446736	.00004894	00000-0	38501-3	0	9996
2	37852	101.7103	046.3847	0243242	325.0727	033.4702	14.81308034	54397
1	37852U	11061C	12305.89794897	.00004006	00000-0	31710-3	0	9991
2	37852	101.7111	048.6496	0243327	320.6295	037.7431	14.81317451	54621
1	37852U	11061C	12306.30321451	.00003941	00000-0	30106-3	0	9995
2	37852	101.7074	049.2391	0243208	319.4600	038.9205	14.81317402	54891
1	37852U	11061C	12307.24879422	.00003632	00000-0	28895-3	0	9994
2	37852	101.7115	050.6194	0242989	316.7373	041.4967	14.81325615	54828
1	37852U	11061C	12308.26192097	.00003796	00000-0	30142-3	0	9992
2	37852	101.7115	052.0964	0242966	313.8498	044.2855	14.81334220	54975
1	37852U	11061C	12309.27504139	.00004016	00000-0	31811-3	0	9998
2	37852	101.7114	053.5740	0242996	310.9564	047.0830	14.81343713	55126
1	37852U	11061C	12310.35570129	.00003743	00000-0	29733-3	0	9997
2	37852	101.7114	055.1487	0242882	307.8724	050.0718	14.81351010	55284
1	37852U	11061C	12311.36881814	.00003275	00000-0	26156-3	0	9991
2	37852	101.7117	056.6258	0242907	304.9787	052.8813	14.81355898	55435
1	37852U	11061C	12312.85471605	.00003008	00000-0	24092-3	0	9990
2	37852	101.7118	058.7920	0243152	300.7613	056.9841	14.81364177	55650
1	37852U	11061C	12313.86782252	.00003159	00000-0	25228-3	0	9994
2	37852	101.7119	060.2699	0243197	297.8932	059.7828	14.81371457	55803
1	37852U	11061C	12314.88092463	.00003340	00000-0	26602-3	0	9994
2	37852	101.7118	061.7472	0243185	295.0130	062.5994	14.81379288	55956
1	37852U	11061C	12315.89402355	.00003360	00000-0	26752-3	0	9999
2	37852	101.7117	063.2241	0243212	292.1108	065.4434	14.81386448	56105
1	37852U	11061C	12316.90711896	.00003387	00000-0	26957-3	0	9991
2	37852	101.7117	064.7013	0243147	289.2085	068.2949	14.81393591	56251
1	37852U	11061C	12318.25790513	.00003879	00000-0	30668-3	0	9994
2	37852	101.7115	066.6714	0243317	285.3780	072.0738	14.81406108	56456
1	37852U	11061C	12319.33851980	.00004939	00000-0	38720-3	0	9995
2	37852	101.7111	068.2481	0243277	282.2861	075.1212	14.81421084	56611
1	37852U	11061C	12320.48666185	.00006247	00000-0	48679-3	0	9992
2	37852	101.7108	069.9232	0243070	279.0529	078.3247	14.81440758	56785
1	37852U	11061C	12321.22956847	.00007216	00000-0	56122-3	0	9991
2	37852	101.7100	071.0058	0242620	276.9064	080.4624	14.81456173	56890
1	37852U	11061C	12322.24261309	.00008077	00000-0	62614-3	0	9995
2	37852	101.7093	072.4828	0242736	274.0099	083.3389	14.81476457	57041
1	37852U	11061C	12323.25564879	.00008474	00000-0	65578-3	0	9998
2	37852	101.7091	073.9603	0242785	271.0506	086.2890	14.81495345	57192
1	37852U	11061C	12324.33620809	.00008864	00000-0	68494-3	0	9997
2	37852	101.7089	075.5361	0242802	267.9696	089.3686	14.81516094	57352
1	37852U	11061C	12325.34922006	.00009151	00000-0	70658-3	0	9998
2	37852	101.7088	077.0131	0242715	265.0384	092.3077	14.81535951	57507
1	37852U	11061C	12326.36221860	.00009590	00000-0	73970-3	0	9998
2	37852	101.7087	078.4903	0242628	262.1768	095.1829	14.81557316	57656
1	37852U	11061C	12327.37520461	.00009879	00000-0	76124-3	0	9993
2	37852	101.7087	079.9675	0242595	259.3087	098.0716	14.81578673	57806
1	37852U	11061C	12328.86089665	.00009723	00000-0	74879-3	0	9997
2	37852	101.7090	082.1342	0242582	255.0831	102.3383	14.81607527	58028
1	37852U	11061C	12329.87385541	.00009462	00000-0	72880-3	0	9991
2	37852	101.7094	083.6121	0242527	252.1736	105.2866	14.81625708	58179
1	37852U	11061C	12330.88680140	.00009436	00000-0	72659-3	0	9992
2	37852	101.7095	085.0895	0242493	249.2883	108.2169	14.81644955	58327
1	37852U	11061C	12332.23737964	.00009102	00000-0	70066-3	0	9990
2	37852	101.7096	087.0591	0242538	245.4336	112.1412	14.81668679	58520
1	37852U	11061C	12332.91266274	+.00008684	+00000-0	+66862-3	0	9999
2	37852	101.7099	088.0438	0242612	243.5442	114.0657	14.81678769	058639
1	37852U	11061C	12333.25030283	.00008596	00000-0	66198-3	0	9990
2	37852	101.7099	088.5361	0242576	242.5567	115.0768	14.81684206	58676
1	37852U	11061C	12333.92558155	+.00008048	+00000-0	+62052-3	0	9994
2	37852	101.7101	089.5206	0242523	240.6421	117.0353	14.81692794	058784
1	37852U	11061C	12334.26322021	.00007586	00000-0	58598-3	0	9999
2	37852	101.7104	090.0130	0242347	239.6374	118.0591	14.81695635	58826
1	37852U	11061C	12335.20860467	.00006777	00000-0	52436-3	0	9991
2	37852	101.7111	091.3926	0242455	236.9521	120.8138	14.81705067	58969
1	37852U	11061D	11302.94064686	+.00001317	+00000-0	+11875-3	0	9991
2	37852	101.7026	233.4847	0255574	288.8425	068.5226	14.77447189	000225
1	37852U	11061D	11303.21152344	.00003144	00000-0	26666-3	0	9995
2	37852	101.7035	233.8760	0255545	287.9296	069.4195	14.77451715	255
1	37852U	11061D	11303.88871433	.00009736	00000-0	79968-3	0	9991
2	37852	101.7001	234.8551	0255522	285.9741	071.3456	14.77471142	354
1	37852U	11061D	11303.95643287	+.00010152	+00000-0	+83331-3	0	9996
2	37852	101.7000	234.9531	0255502	285.7828	071.5342	14.77473358	000373
1	37852U	11061D	11304.76905789	.00008375	00000-0	68953-3	0	9991
2	37852	101.7027	236.1316	0255402	283.5818	073.7013	14.77496435	483
1	37852U	11061D	11304.90450079	+.00010090	+00000-0	+83144-3	0	9990
2	37852	101.6914	236.3141	0254562	283.5225	073.7729	14.77484606	000518
1	37852U	11061D	11305.24309158	.00010149	00000-0	83560-3	0	9996
2	37852	101.6953	236.8081	0254676	282.5987	074.6842	14.77491599	558
1	37852U	11061D	11305.85255017	+.00010512	+00000-0	+86472-3	0	9996
2	37852	101.6967	237.6914	0254676	280.8317	076.4316	14.77505427	000658
1	37852U	11061D	11306.52971894	.00011164	00000-0	91731-3	0	9997
2	37852	101.6977	238.6724	0254624	278.8801	078.3646	14.77522609	745
1	37852U	11061D	11306.80058481	+.00011308	+00000-0	+92876-3	0	9997
2	37852	101.6977	239.0645	0254634	278.1062	079.1324	14.77529310	000798
1	37852U	11061D	11307.74860984	.00011158	00000-0	91587-3	0	9991
2	37852	101.6985	240.4381	0254683	275.4264	081.7968	14.77550054	925
1	37852U	11061D	11307.88404014	+.00011178	+00000-0	+91742-3	0	9999
2	37852	101.6985	240.6342	0254680	275.0416	082.1764	14.77553195	000957
1	37852U	11061D	11308.83205044	+.00011040	+00000-0	+90615-3	0	9993
2	37852	101.6988	242.0076	0254560	272.3456	084.8619	14.77573903	001083
1	37852U	11061D	11309.84776821	+.00009991	+00000-0	+82038-3	0	9993
2	37852	101.6991	243.4794	0254701	269.4652	087.7353	14.77590488	001232
1	37852U	11061D	11310.86347298	+.00009593	+00000-0	+78745-3	0	9997
2	37852	101.6999	244.9518	0254804	266.5527	090.6500	14.77608385	001382
1	37852U	11061D	11311.87916639	.00009245	00000-0	75866-3	0	9995
2	37852	101.6999	246.4225	0254901	263.6209	093.5905	14.77625917	1535
1	37852U	11061D	11312.89484795	+.00009210	+00000-0	+75532-3	0	9993
2	37852	101.7014	247.8956	0254922	260.7196	096.5112	14.77644451	001690
1	37852U	11061D	11313.09798247	.00009327	00000-0	76473-3	0	9990
2	37852	101.7015	248.1899	0254905	260.1554	097.0807	14.77648865	1717
1	37852U	11061D	11313.91051307	+.00009729	+00000-0	+79621-3	0	9994
2	37852	101.7021	249.3683	0255053	257.8369	099.4153	14.77666523	001845
1	37852U	11061D	11314.18135557	.00009797	00000-0	80178-3	0	9998
2	37852	101.7022	249.7606	0255001	257.0667	100.1942	14.77672211	1871
1	37852U	11061D	11314.79074716	+.00009945	+00000-0	+81341-3	0	9992
2	37852	101.7030	250.6446	0254998	255.2707	102.0107	14.77684947	001976
1	37852U	11061D	11315.19700598	.00010056	00000-0	82240-3	0	9995
2	37852	101.7031	251.2332	0254921	254.1127	103.1848	14.77693689	2022
1	37852U	11061D	11315.87409748	+.00010389	+00000-0	+84889-3	0	9993
2	37852	101.7035	252.2148	0254900	252.1358	105.1909	14.77709408	002132
1	37852U	11061D	11316.48347486	.00010484	00000-0	85659-3	0	9993
2	37852	101.7041	253.0988	0254796	250.3204	107.0335	14.77722598	2211
1	37852U	11061D	11316.88972441	+.00010533	+00000-0	+86022-3	0	9992
2	37852	101.7042	253.6875	0254803	249.1722	108.2024	14.77731463	002289
1	37852U	11061D	11317.83763088	.00010603	00000-0	86542-3	0	9998
2	37852	101.7045	255.0615	0254798	246.4635	110.9610	14.77752009	2411
1	37852U	11061D	11317.90533803	+.00010614	+00000-0	+86624-3	0	9999
2	37852	101.7045	255.1596	0254801	246.2720	111.1564	14.77753520	002430
1	37852U	11061D	11318.85323228	.00010618	00000-0	86612-3	0	9993
2	37852	101.7048	256.5342	0254778	243.6020	113.8822	14.77773735	2564
1	37852U	11061D	11319.86882093	.00010481	00000-0	85443-3	0	9994
2	37852	101.7053	258.0066	0254812	240.7028	116.8481	14.77794537	2719
1	37852U	11061D	11319.86882093	+.00010483	+00000-0	+85460-3	0	9995
2	37852	101.7053	258.0066	0254810	240.7036	116.8474	14.77794549	002722
1	37852U	11061D	11320.54587290	+.00010405	+00000-0	+84796-3	0	9998
2	37852	101.7054	258.9879	0254825	238.7762	118.8239	14.77808414	002822
1	37852U	11061D	11321.22291859	.00010267	00000-0	83612-3	0	9999
2	37852	101.7041	259.9711	0254938	236.7877	120.8638	14.77821927	2914
1	37852U	11061D	11321.89996047	+.00010151	+00000-0	+82652-3	0	9998
2	37852	101.7042	260.9523	0254930	234.8679	122.8380	14.77834827	003021
1	37852U	11061D	11322.50929444	.00009971	00000-0	81193-3	0	9991
2	37852	101.7046	261.8354	0254906	233.1616	124.5953	14.77845833	3106
1	37852U	11061D	11322.84781171	+.00009877	+00000-0	+80439-3	0	9998
2	37852	101.7046	262.3259	0254857	232.1615	125.6266	14.77851877	003169
1	37852U	11061D	11323.66024780	.00009597	00000-0	78168-3	0	9990
2	37852	101.7048	263.5032	0254835	229.8666	127.9952	14.77865988	3275
1	37852U	11061D	11323.93105966	+.00009391	+00000-0	+76534-3	0	9993
2	37852	101.7045	263.8956	0254772	229.0411	128.8474	14.77869772	003320
1	37852U	11061D	11324.87889172	.00008909	00000-0	72700-3	0	9990
2	37852	101.7045	265.2696	0254583	226.3974	131.5806	14.77884473	3450
1	37852U	11061D	11325.55591332	.00008098	00000-0	66078-3	0	9994
2	37852	101.7044	266.2510	0254932	224.4370	133.6107	14.77891382	3557
1	37852U	11061D	11325.96212263	+.00007975	+00000-0	+65086-3	0	9993
2	37852	101.7042	266.8397	0254905	223.2548	134.8385	14.77897261	003629
1	37852U	11061D	11326.57143440	.00007533	00000-0	61569-3	0	9993
2	37852	101.7050	267.7245	0254779	221.6271	136.5266	14.77904353	3701
1	37852U	11061D	11326.97764101	+.00007306	+00000-0	+59744-3	0	9990
2	37852	101.7049	268.3137	0254773	220.4260	137.7749	14.77909126	003774
1	37852U	11061D	11327.85775053	.00006868	00000-0	56231-3	0	9996
2	37852	101.7053	269.5906	0254713	217.9393	140.3615	14.77919237	3897
1	37852U	11061D	11327.92545090	+.00006848	+00000-0	+56068-3	0	9996
2	37852	101.7053	269.6888	0254725	217.7418	140.5667	14.77920065	003919
1	37852U	11061D	11328.87325156	.00006779	00000-0	55509-3	0	9992
2	37852	101.7057	271.0632	0254662	215.0654	143.3542	14.77932765	4048
1	37852U	11061D	11329.88874340	.00006784	00000-0	55535-3	0	9993
2	37852	101.7060	272.5354	0254619	212.1812	146.3624	14.77946793	4191
1	37852U	11061D	11329.95644274	+.00006763	+00000-0	+55369-3	0	9994
2	37852	101.7060	272.6337	0254609	211.9864	146.5659	14.77947592	004217
1	37852U	11061D	11330.90422754	.00006633	00000-0	54280-3	0	9995
2	37852	101.7063	274.0081	0254707	209.2643	149.4078	14.77959724	4347
1	37852U	11061D	11330.97192626	+.00006622	+00000-0	+54193-3	0	9995
2	37852	101.7063	274.1063	0254711	209.0687	149.6124	14.77960574	004360
1	37852U	11061D	11331.91970641	+.00006206	+00000-0	+50857-3	0	9992
2	37852	101.7066	275.4813	0254664	206.3617	152.4430	14.77970470	004504
1	37852U	11061D	11331.98740467	.00006196	00000-0	50778-3	0	9990
2	37852	101.7066	275.5794	0254658	206.1666	152.6472	14.77971267	4501
1	37852U	11061D	11332.93517946	+.00005706	+00000-0	+46858-3	0	9990
2	37852	101.7067	276.9544	0254612	203.4660	155.4743	14.77979856	004654
1	37852U	11061D	11333.00287741	.00005704	00000-0	46837-3	0	9991
2	37852	101.7067	277.0525	0254610	203.2730	155.6772	14.77980631	4656
1	37852U	11061D	11333.95064398	+.00005560	+00000-0	+45693-3	0	9995
2	37852	101.7069	278.4271	0254515	200.6093	158.4693	14.77990647	004806
1	37852U	11061D	11334.42452412	.00005612	00000-0	46110-3	0	9999
2	37852	101.7070	279.1140	0254446	199.2627	159.8812	14.77996357	4868
1	37852U	11061D	11334.89840245	+.00005696	+00000-0	+46783-3	0	9993
2	37852	101.7070	279.8010	0254395	197.9316	161.2793	14.78002321	004948
1	37852U	11061D	11335.43997461	.00005842	00000-0	47929-3	0	9993
2	37852	101.7073	280.5865	0254446	196.3659	162.9211	14.78009473	5015
