#	#	#	#	#	#	#	#	#
1	40742U	98067GU	15198.54722059	-.00073789	00000-0	-10501-2	0	9990
2	40742	051.6458	292.4070	0005919	330.3980	133.0632	15.55801301	166
1	40742U	98067GU	15199.11951117	-.00066819	00000-0	-95180-3	0	9996
2	40742	051.6459	289.5460	0005872	328.8094	102.0625	15.55733949	253
1	40742U	98067GU	15199.44494694	-.00054446	00000-0	-77356-3	0	9992
2	40742	051.6413	287.9119	0004695	301.8345	152.9789	15.55725334	308
1	40742U	98067GU	15199.70864887	.00023708	00000-0	34242-3	0	9998
2	40742	051.6460	286.6054	0003938	306.7021	186.0775	15.55821371	343
1	40742U	98067GU	15199.77554139	-.00028602	00000-0	-40135-3	0	9999
2	40742	051.6440	286.2754	0002479	309.9037	197.7492	15.55763896	358
1	40742U	98067GU	15200.08395638	-.00007478	00000-0	-99281-4	0	9998
2	40742	051.6451	284.7295	0004054	308.7840	127.4628	15.55811050	406
1	40742U	98067GU	15200.40823916	-.00006634	00000-0	-87284-4	0	9992
2	40742	051.6451	283.1091	0004103	309.6226	144.1165	15.55809670	458
1	40742U	98067GU	15200.67018669	.00015374	00000-0	22458-3	0	9992
2	40742	051.6450	281.8014	0003721	308.8603	173.0342	15.55840345	498
1	40742U	98067GU	15201.11140391	-.00005079	00000-0	-65182-4	0	9995
2	40742	051.6452	279.5951	0004130	317.1172	117.6139	15.55808279	569
1	40742U	98067GU	15201.43508228	-.00005272	00000-0	-67935-4	0	9990
2	40742	051.6455	277.9762	0004137	318.2083	130.6159	15.55804476	612
1	40742U	98067GU	15201.50163000	.00030575	00000-0	43270-3	0	9990
2	40742	051.6465	277.6363	0004237	343.1351	122.5078	15.56225724	628
1	40742U	98067GU	15201.63813358	.00019666	00000-0	28477-3	0	9992
2	40742	051.6451	276.9657	0004461	318.0494	188.9839	15.55876640	640
1	40742U	98067GU	15202.19461475	.00035953	00000-0	50610-3	0	9994
2	40742	051.6466	274.1699	0004097	345.9197	044.8014	15.56288427	732
1	40742U	98067GU	15202.46232922	.00031292	00000-0	44164-3	0	9996
2	40742	051.6457	272.8343	0004113	345.0129	106.5489	15.56287829	779
1	40742U	98067GU	15202.59948153	.00031823	00000-0	44880-3	0	9995
2	40742	051.6445	272.1489	0004344	344.7174	155.7705	15.56297638	790
1	40742U	98067GU	15203.22228615	.00031133	00000-0	43867-3	0	9998
2	40742	051.6460	269.0302	0004150	348.5041	043.7127	15.56335181	897
1	40742U	98067GU	15203.42471767	.00030876	00000-0	43494-3	0	9997
2	40742	051.6459	268.0174	0004094	348.6288	098.5247	15.56346491	923
1	40742U	98067GU	15203.62940383	.00030882	00000-0	43482-3	0	9998
2	40742	051.6457	266.9940	0004142	349.3251	165.4187	15.56359144	950
1	40742U	98067GU	15204.18562003	.00030909	00000-0	43463-3	0	9998
2	40742	051.6457	264.2111	0004155	351.5589	041.7088	15.56393859	1042
1	40742U	98067GU	15204.38801933	.00030929	00000-0	43470-3	0	9998
2	40742	051.6457	263.1984	0004154	352.3103	095.7624	15.56406562	1072
1	40742U	98067GU	15204.59196545	.00031036	00000-0	43596-3	0	9996
2	40742	051.6459	262.1777	0004122	353.1631	158.4011	15.56420043	1104
1	40742U	98067GU	15205.14779363	.00031097	00000-0	43623-3	0	9991
2	40742	051.6448	259.3998	0004330	353.8077	034.2241	15.56455011	1195
1	40742U	98067GU	15205.41602618	.00031852	00000-0	44624-3	0	9990
2	40742	051.6448	258.0563	0004464	354.6689	097.3716	15.56477265	1232
1	40742U	98067GU	15205.55476682	.00032210	00000-0	45098-3	0	9990
2	40742	051.6448	257.3645	0004143	356.5954	153.3885	15.56488824	1250
1	40742U	98067GU	15206.10987336	.00033188	00000-0	46373-3	0	9997
2	40742	051.6455	254.5910	0003779	356.3517	026.2111	15.56529580	1344
1	40742U	98067GU	15206.44610019	.00034000	00000-0	47433-3	0	9997
2	40742	051.6451	252.9090	0004408	358.0905	109.8053	15.56557258	1392
1	40742U	98067GU	15206.51621549	.00034104	00000-0	47567-3	0	9998
2	40742	051.6450	252.5578	0004317	359.2094	141.8496	15.56562608	1403
1	40742U	98067GU	15207.13912731	.00035328	00000-0	49155-3	0	9997
2	40742	051.6442	249.4415	0004276	007.9767	026.0277	15.56611043	1507
1	40742U	98067GU	15207.54534747	.00035122	00000-0	48825-3	0	9994
2	40742	051.6444	247.4079	0004203	008.2584	143.6492	15.56638424	1567
1	40742U	98067GU	15208.36966774	.00034194	00000-0	47465-3	0	9991
2	40742	051.6443	243.2823	0004319	010.2366	084.1988	15.56690420	1693
1	40742U	98067GU	15208.50798587	.00034161	00000-0	47403-3	0	9998
2	40742	051.6444	242.5902	0004385	010.2626	139.8346	15.56699699	1712
1	40742U	98067GU	15209.13024878	.00033246	00000-0	46090-3	0	9997
2	40742	051.6441	239.4774	0004436	014.6226	025.0608	15.56738357	1815
1	40742U	98067GU	15209.46935191	.00033516	00000-0	46416-3	0	9994
2	40742	051.6435	237.7796	0004503	017.5336	123.8549	15.56762620	1868
1	40742U	98067GU	15209.53681590	.00033562	00000-0	46470-3	0	9994
2	40742	051.6434	237.4420	0004461	017.4045	142.3280	15.56767345	1875
1	40742U	98067GU	15210.09241715	.00033871	00000-0	46823-3	0	9993
2	40742	051.6432	234.6609	0004455	019.5696	016.0653	15.56806420	1968
1	40742U	98067GU	15210.36037125	.00034683	00000-0	47881-3	0	9998
2	40742	051.6438	233.3192	0004691	018.8491	079.5603	15.56829513	2007
1	40742U	98067GU	15211.05409272	.00035549	00000-0	48958-3	0	9999
2	40742	051.6438	229.8466	0004731	023.8426	005.2487	15.56882496	2117
1	40742U	98067GU	15211.32242976	.00036069	00000-0	49619-3	0	9998
2	40742	051.6438	228.5030	0004716	025.4955	068.5910	15.56905102	2155
1	40742U	98067GU	15211.46079959	.00036158	00000-0	49720-3	0	9994
2	40742	051.6440	227.8112	0004691	026.5405	123.6097	15.56915723	2176
1	40742U	98067GU	15212.08304222	.00036885	00000-0	50611-3	0	9995
2	40742	051.6436	224.6996	0004676	027.7547	012.3741	15.56963863	2278
1	40742U	98067GU	15212.42230012	.00037184	00000-0	50962-3	0	9990
2	40742	051.6433	223.0005	0004773	031.5658	111.4140	15.56990723	2328
1	40742U	98067GU	15213.24711102	.00037687	00000-0	51516-3	0	9999
2	40742	051.6430	218.8697	0004829	034.2441	055.1096	15.57054785	2454
1	40742U	98067GU	15213.45096442	.00037718	00000-0	51527-3	0	9992
2	40742	051.6430	217.8485	0004808	035.1495	117.6494	15.57070341	2489
1	40742U	98067GU	15214.20933313	.00040101	00000-0	54572-3	0	9996
2	40742	051.6422	214.0501	0005093	034.9921	051.7988	15.57144035	2608
1	40742U	98067GU	15214.41401230	.00043902	00000-0	59552-3	0	9992
2	40742	051.6452	213.0291	0005370	036.1912	118.8909	15.57187737	2635
1	40742U	98067GU	15215.03531127	.00047117	00000-0	63683-3	0	9992
2	40742	051.6446	209.9176	0004359	041.2936	359.1536	15.57257846	2739
1	40742U	98067GU	15215.44185586	.00047856	00000-0	64563-3	0	9999
2	40742	051.6437	207.8806	0004523	043.2148	117.9299	15.57299822	2798
1	40742U	98067GU	15215.80925615	.00049852	00000-0	67101-3	0	9993
2	40742	051.6437	206.0391	0004544	043.9266	018.3792	15.57343591	2851
1	40742U	98067GU	15216.19980852	.00049676	00000-0	66775-3	0	9990
2	40742	051.6433	204.0817	0004519	045.2788	048.1114	15.57381193	2910
1	40742U	98067GU	15216.40278727	.00049653	00000-0	66695-3	0	9991
2	40742	051.6433	203.0646	0004503	046.0671	106.1009	15.57401101	2945
1	40742U	98067GU	15217.16092579	.00049416	00000-0	66201-3	0	9994
2	40742	051.6435	199.2651	0004508	047.7090	037.9907	15.57474522	3066
1	40742U	98067GU	15217.36421123	.00049314	00000-0	66018-3	0	9990
2	40742	051.6436	198.2465	0004525	048.1120	098.1503	15.57493739	3092
1	40742U	98067GU	15218.12262904	.00048798	00000-0	65162-3	0	9999
2	40742	051.6432	194.4484	0004640	052.1076	029.4997	15.57565461	3210
1	40742U	98067GU	15218.39346618	.00048692	00000-0	64961-3	0	9992
2	40742	051.6434	193.0920	0004620	054.3148	106.9613	15.57591396	3250
1	40742U	98067GU	15218.89447407	.00048857	00000-0	65057-3	0	9995
2	40742	051.6436	190.5804	0004641	055.6453	036.8616	15.57640964	3330
1	40742U	98067GU	15219.15070697	.00049130	00000-0	65349-3	0	9997
2	40742	051.6434	189.2961	0004634	056.0513	034.2563	15.57667436	3371
1	40742U	98067GU	15219.35442242	.00049133	00000-0	65304-3	0	9992
2	40742	051.6433	188.2748	0004646	056.7764	096.6532	15.57687392	3405
1	40742U	98067GU	15220.11211696	.00052881	00000-0	69940-3	0	9999
2	40742	051.6452	184.4780	0004844	056.1585	029.2269	15.57786679	3525
1	40742U	98067GU	15220.37762699	.00053707	00000-0	70929-3	0	9998
2	40742	051.6456	183.1504	0004748	060.8947	074.5019	15.57819218	3562
1	40742U	98067GU	15221.13908979	.00057283	00000-0	75286-3	0	9990
2	40742	051.6437	179.3274	0004930	058.9777	029.8460	15.57920357	3687
1	40742U	98067GU	15221.27703525	.00057317	00000-0	75286-3	0	9993
2	40742	051.6437	178.6356	0004925	059.4368	083.5746	15.57936229	3708
1	40742U	98067GU	15221.89936903	.00063198	00000-0	82579-3	0	9996
2	40742	051.6444	175.5202	0004130	081.3175	314.6274	15.58037677	3805
1	40742U	98067GU	15222.42145986	.00063388	00000-0	82617-3	0	9993
2	40742	051.6444	172.9010	0004168	082.0507	004.2782	15.58103912	3881
1	40742U	98067GU	15222.86091468	.00065305	00000-0	84858-3	0	9996
2	40742	051.6444	170.6962	0004746	073.9571	319.0673	15.58169374	3952
1	40742U	98067GU	15223.12982962	.00064058	00000-0	83188-3	0	9993
2	40742	051.6452	169.3488	0004284	083.9048	018.5497	15.58195470	3991
1	40742U	98067GU	15223.26664589	.00063828	00000-0	82847-3	0	9995
2	40742	051.6448	168.6614	0004188	083.8718	066.5593	15.58211116	4015
1	40742U	98067GU	15223.82123802	.00062763	00000-0	81290-3	0	9993
2	40742	051.6450	165.8817	0004038	087.1700	296.3953	15.58275896	4102
1	40742U	98067GU	15224.09045828	.00060391	00000-0	78216-3	0	9993
2	40742	051.6441	164.5348	0004021	096.4277	358.3326	15.58292915	4149
1	40742U	98067GU	15224.41056866	.00059007	00000-0	76362-3	0	9995
2	40742	051.6429	162.9275	0003895	092.1217	359.6021	15.58324316	4193
1	40742U	98067GU	15224.84940959	.00057847	00000-0	74755-3	0	9991
2	40742	051.6443	160.7240	0003968	079.4841	315.7786	15.58370153	4268
1	40742U	98067GU	15225.05187398	.00057723	00000-0	74537-3	0	9996
2	40742	051.6452	159.7083	0003870	083.4804	008.3934	15.58392484	4291
1	40742U	98067GU	15225.25521119	.00056886	00000-0	73421-3	0	9991
2	40742	051.6452	158.6860	0004158	076.9989	076.3749	15.58410149	4325
1	40742U	98067GU	15225.43367662	.00032741	00000-0	44284-3	0	9991
2	40742	051.6435	157.9460	0004392	047.7433	312.4450	15.57057928	4351
1	40742U	98067GU	15225.81019227	.00053030	00000-0	68410-3	0	9995
2	40742	051.6441	155.9004	0004566	083.9423	305.0753	15.58451382	4418
1	40742U	98067GU	15226.07826537	.00052703	00000-0	67929-3	0	9994
2	40742	051.6439	154.5551	0004541	086.8624	007.1619	15.58477391	4458
1	40742U	98067GU	15226.21650354	.00052686	00000-0	67870-3	0	9997
2	40742	051.6443	153.8617	0004535	086.1359	063.9935	15.58491732	4477
1	40742U	98067GU	15226.83815725	.00051886	00000-0	66705-3	0	9997
2	40742	051.6447	150.7475	0004288	090.2558	310.0825	15.58553066	4575
1	40742U	98067GU	15227.17706150	.00051502	00000-0	66142-3	0	9996
2	40742	051.6451	149.0482	0003944	094.9896	048.1435	15.58585565	4624
1	40742U	98067GU	15227.79951722	.00047180	00000-0	60564-3	0	9990
2	40742	051.6437	145.9265	0004053	098.3741	299.6612	15.58634862	4727
1	40742U	98067GU	15228.20461513	.00047747	00000-0	61185-3	0	9990
2	40742	051.6440	143.8920	0004182	094.7531	057.8681	15.58675828	4789
1	40742U	98067GU	15228.75959434	.00048019	00000-0	61402-3	0	9999
2	40742	051.6440	141.1054	0004189	097.7513	291.1160	15.58729707	4879
1	40742U	98067GU	15229.16506897	.00066737	00000-0	84558-3	0	9990
2	40742	051.6435	139.0708	0004453	104.4554	041.4303	15.58831745	4938
1	40742U	98067GU	15229.78728060	.00065698	00000-0	83015-3	0	9998
2	40742	051.6431	135.9459	0004620	105.8653	294.1456	15.58909886	5033
1	40742U	98067GU	15230.12586090	.00064053	00000-0	80856-3	0	9997
2	40742	051.6429	134.2479	0004407	115.0609	026.3621	15.58947578	5085
1	40742U	98067GU	15230.31087002	.00060466	00000-0	76362-3	0	9998
2	40742	051.6442	133.3226	0003815	115.3986	345.0187	15.58962682	5118
1	40742U	98067GU	15230.95001345	+.00060325	+00000-0	+75974-3	0	9996
2	40742	051.6434	130.1058	0004515	123.9577	325.9542	15.59033821	005214
1	40742U	98067GU	15231.15341922	.00060416	00000-0	76016-3	0	9996
2	40742	051.6437	129.0844	0004438	124.6693	027.6308	15.59058592	5249
1	40742U	98067GU	15231.91079464	.00059346	00000-0	74457-3	0	9996
2	40742	051.6432	125.2789	0004799	133.9010	312.1405	15.59139724	5366
1	40742U	98067GU	15232.23046448	.00055734	00000-0	69941-3	0	9997
2	40742	051.6372	123.6725	0006075	133.8509	307.5483	15.59152408	5416
1	40742U	98067GU	15232.68459873	.00033802	00000-0	44667-3	0	9996
2	40742	051.6422	121.6308	0003542	069.3157	290.8733	15.57684165	5482
1	40742U	98067GU	15232.72878155	.00049889	00000-0	62302-3	0	9997
2	40742	051.6450	121.1716	0004439	109.8512	250.3476	15.59176709	5490
1	40742U	98067GU	15232.73511678	.00051248	00000-0	64349-3	0	9997
2	40742	051.6407	121.1394	0004071	118.8104	276.9959	15.59184107	5494
1	40742U	98067GU	15233.19301102	.00049496	00000-0	62095-3	0	9995
2	40742	051.6413	118.8418	0004198	116.1460	331.5538	15.59221215	5568
1	40742U	98067GU	15234.10164815	+.00046968	+00000-0	+58808-3	0	9993
2	40742	051.6418	114.2766	0004044	122.2548	029.2927	15.59296735	005702
1	40742U	98067GU	15235.06267186	.00046267	00000-0	57763-3	0	9995
2	40742	051.6416	109.4500	0003724	128.6550	021.2824	15.59381223	5850
1	40742U	98067GU	15235.76200483	+.00045725	+00000-0	+56962-3	0	9997
2	40742	051.6413	105.9380	0003907	132.0056	346.5142	15.59443419	005961
1	40742U	98067GU	15235.88478457	.00045871	00000-0	57116-3	0	9992
2	40742	051.6413	105.3201	0003770	129.6827	318.5856	15.59455450	5984
1	40742U	98067GU	15236.91168086	+.00048976	+00000-0	+60645-3	0	9991
2	40742	051.6401	100.1599	0004810	139.2858	318.1166	15.59568058	006149
1	40742U	98067GU	15237.87183266	.00050599	00000-0	62383-3	0	9999
2	40742	051.6410	095.3295	0004284	137.0428	314.8603	15.59670545	6291
1	40742U	98067GU	15238.63113100	.00051596	00000-0	63405-3	0	9998
2	40742	051.6425	091.5158	0003903	138.3054	259.8542	15.59749896	6419
1	40742U	98067GU	15239.85871713	.00059988	00000-0	73088-3	0	9995
2	40742	051.6535	085.3457	0003475	027.8109	068.3020	15.59913649	6605
1	40742U	98067GU	15239.85871713	+.00059988	+00000-0	+73088-3	0	9995
2	40742	051.6535	085.3457	0003475	027.8109	068.3020	15.59913649	006605
1	40742U	98067GU	15240.55085096	.00078319	00000-0	94486-3	0	9999
2	40742	051.6418	081.8707	0004529	171.2648	214.5558	15.60055105	6716
1	40742U	98067GU	15240.75216984	.00081632	00000-0	98241-3	0	9998
2	40742	051.6417	080.8555	0005125	173.1193	264.1558	15.60098640	6749
1	40742U	98067GU	15240.95853272	.00086755	00000-0	10416-2	0	9995
2	40742	051.6435	079.8177	0003383	157.0226	000.0340	15.60142618	6773
1	40742U	98067GU	15241.98281171	.00079372	00000-0	94880-3	0	9997
2	40742	051.6431	074.6663	0003573	158.5358	355.4892	15.60294626	6939
1	40742U	98067GU	15242.53744869	.00075686	00000-0	90297-3	0	9999
2	40742	051.6426	071.8751	0003607	155.9558	235.5985	15.60365636	7023
1	40742U	98067GU	15242.80489616	.00073594	00000-0	87719-3	0	9996
2	40742	051.6439	070.5332	0005007	177.4387	277.4445	15.60395497	7061
1	40742U	98067GU	15242.94370869	.00055090	00000-0	66048-3	0	9993
2	40742	051.6443	069.8281	0002813	177.7861	337.3444	15.60373471	7087
1	40742U	98067GU	15243.56370660	.00051401	00000-0	61567-3	0	9994
2	40742	051.6435	066.7079	0002337	173.5784	226.6569	15.60428718	7182
1	40742U	98067GU	15243.90225187	+.00050980	+00000-0	+60990-3	0	9995
2	40742	051.6433	065.0045	0002592	174.3474	328.9703	15.60462638	007234
1	40742U	98067GU	15243.90225188	.00050980	00000-0	60990-3	0	9996
2	40742	51.6433	65.0045	0002592	174.3474	328.9703	15.60462638	7234
1	40742U	98067GU	15244.79105558	.00056297	00000-0	66945-3	0	9995
2	40742	51.6508	60.5344	0004384	195.5596	264.2699	15.60572491	7370
1	40742U	98067GU	15245.48294016	.00050692	00000-0	60288-3	0	9997
2	40742	51.6440	57.0448	0002358	181.7625	207.6882	15.60620340	7484
1	40742U	98067GU	15245.75075049	+.00050493	+00000-0	+59997-3	0	9994
2	40742	051.6439	055.6962	0002330	183.2444	271.8350	15.60645949	007523
1	40742U	98067GU	15246.44231419	.00049667	00000-0	58880-3	0	9997
2	40742	51.6441	52.2166	0002613	185.8726	197.3058	15.60712398	7632
1	40742U	98067GU	15246.71008787	+.00050475	+00000-0	+59751-3	0	9994
2	40742	051.6442	050.8680	0002763	188.1002	260.6175	15.60743274	007672
1	40742U	98067GU	15247.46879956	.00050708	00000-0	59843-3	0	9992
2	40742	51.6441	47.0470	0002767	190.4536	204.1686	15.60820742	7797
1	40742U	98067GU	15247.73622116	.00052797	00000-0	62173-3	0	9996
2	40742	51.6437	45.6993	0002601	189.7029	268.6271	15.60860739	7831
1	40742U	98067GU	15248.55756316	.00054578	00000-0	64003-3	0	9990
2	40742	51.6421	41.5636	0002074	184.2961	212.4702	15.60956534	7961
1	40742U	98067GU	15248.83375273	.00057879	00000-0	67679-3	0	9999
2	40742	51.6420	40.1736	0001254	181.4792	328.4659	15.61007678	8008
1	40742U	98067GU	15249.45290874	.00061193	00000-0	71248-3	0	9992
2	40742	51.6449	37.0640	0002131	206.0138	185.8079	15.61094816	8103
1	40742U	98067GU	15249.72631067	.00062067	00000-0	72143-3	0	9991
2	40742	51.6445	35.6843	0001931	210.6248	278.7661	15.61133435	8142
1	40742U	98067GU	15249.85312603	+.00062218	+00000-0	+72270-3	0	9996
2	40742	051.6444	035.0446	0001653	214.0927	268.4908	15.61149946	008163
1	40742U	98067GU	15249.97538375	.00064155	00000-0	74421-3	0	9997
2	40742	51.6445	34.4290	0001612	218.0676	232.0915	15.61172026	8186
1	40742U	98067GU	15250.68206635	.00060576	00000-0	70125-3	0	9998
2	40742	51.6439	30.8671	0001513	219.2124	245.3870	15.61249380	8290
1	40742U	98067GU	15250.93460916	.00061892	00000-0	71530-3	0	9993
2	40742	51.6449	29.5950	0001462	215.6918	229.2927	15.61283650	8337
1	40742U	98067GU	15251.57331339	.00068899	00000-0	79169-3	0	9990
2	40742	51.6445	26.3752	0001567	238.8609	198.6008	15.61388619	8439
1	40742U	98067GU	15251.83879439	.00078204	00000-0	89474-3	0	9998
2	40742	51.6450	25.0394	0001277	212.1102	278.6669	15.61447774	8478
1	40742U	98067GU	15251.83879439	+.00078204	+00000-0	+89474-3	0	9998
2	40742	051.6450	025.0394	0001277	212.1102	278.6669	15.61447774	008478
1	40742U	98067GU	15252.52831516	.00079569	00000-0	90617-3	0	9995
2	40742	51.6449	21.5647	0001507	213.8500	195.6013	15.61559535	8586
1	40742U	98067GU	15252.80422056	.00081608	00000-0	92727-3	0	9992
2	40742	51.6450	20.1729	0001069	228.7888	292.7580	15.61608308	8627
1	40742U	98067GU	15253.48732363	.00082883	00000-0	93735-3	0	9998
2	40742	51.6456	16.7293	0001072	233.2568	171.2595	15.61722967	8737
1	40742U	98067GU	15253.82358297	+.00082710	+00000-0	+93345-3	0	9992
2	40742	051.6451	015.0330	0000980	240.2725	256.0543	15.61777544	008787
1	40742U	98067GU	15253.87812652	.00082738	00000-0	93344-3	0	9996
2	40742	51.6450	14.7579	0000975	240.4698	202.7281	15.61786530	8795
1	40742U	98067GU	15254.58326822	.00074341	00000-0	83751-3	0	9996
2	40742	51.6462	11.2002	0000636	219.5400	230.9526	15.61868825	8909
1	40742U	98067GU	15254.78261444	.00071979	00000-0	81061-3	0	9992
2	40742	51.6463	10.1953	0001318	200.7067	291.4089	15.61891751	8935
1	40742U	98067GU	15254.84761921	.00065558	00000-0	73956-3	0	9994
2	40742	51.6458	9.8690	0001281	259.7774	238.0656	15.61886479	8949
1	40742U	98067GU	15255.34134010	.00066722	00000-0	75048-3	0	9991
2	40742	51.6458	7.3788	0001212	265.0928	130.7591	15.61954990	9025
1	40742U	98067GU	15255.74612296	.00066541	00000-0	74693-3	0	9996
2	40742	51.6462	5.3363	0001029	279.4138	234.1040	15.62008473	9086
1	40742U	98067GU	15255.80763797	+.00068450	+00000-0	+76765-3	0	9999
2	40742	051.6459	005.0257	0000971	280.5779	219.0893	15.62020481	009092
1	40742U	98067GU	15256.11340958	.00068474	00000-0	76669-3	0	9993
2	40742	51.6459	3.4829	0000950	281.0069	139.2677	15.62062065	9147
1	40742U	98067GU	15256.42918338	.00067581	00000-0	75569-3	0	9996
2	40742	51.6459	1.8897	0000901	290.8183	106.3833	15.62101529	9198
1	40742U	98067GU	15256.70600400	.00062419	00000-0	69827-3	0	9990
2	40742	51.6461	0.4925	0001332	286.6648	228.2754	15.62123504	9234
1	40742U	98067GU	15257.32522410	.00059723	00000-0	66690-3	0	9992
2	40742	51.6462	357.3732	0000867	276.6853	122.8935	15.62188619	9333
1	40742U	98067GU	15257.66311071	.00056793	00000-0	63393-3	0	9999
2	40742	51.6440	355.6683	0001053	281.4231	219.6657	15.62220108	9388
1	40742U	98067GU	15258.36158333	.00061452	00000-0	68250-3	0	9992
2	40742	51.6459	352.1458	0001183	248.4762	223.5785	15.62316274	9494
1	40742U	98067GU	15258.68830666	.00060162	00000-0	66754-3	0	9997
2	40742	51.6467	350.4966	0001091	248.3860	262.4944	15.62349432	9541
1	40742U	98067GU	15258.87124110	+.00058520	+00000-0	+64924-3	0	9990
2	40742	051.6461	349.5697	0001165	270.5719	189.8900	15.62364191	009573
1	40742U	98067GU	15259.24196660	.00058589	00000-0	64890-3	0	9998
2	40742	51.6464	347.6985	0001180	280.4721	106.5590	15.62407670	9633
1	40742U	98067GU	15259.44285544	.00058772	00000-0	65028-3	0	9998
2	40742	51.6462	346.6842	0001176	280.7559	156.9751	15.62432058	9668
1	40742U	98067GU	15259.70815769	.00058763	00000-0	64938-3	0	9994
2	40742	51.6459	345.3468	0000952	289.1765	201.8273	15.62463468	9700
1	40742U	98067GU	15259.82950499	.00058796	00000-0	64939-3	0	9994
2	40742	51.6459	344.7341	0000947	289.7888	164.2365	15.62477764	9729
1	40742U	98067GU	15260.39734073	.00058775	00000-0	64750-3	0	9994
2	40742	51.6460	341.8694	0001016	309.9997	100.2485	15.62543724	9817
1	40742U	98067GU	15260.73384135	.00059318	00000-0	65233-3	0	9993
2	40742	51.6449	340.1692	0001338	325.7499	178.6566	15.62585076	9864
1	40742U	98067GU	15261.22544784	.00059910	00000-0	65717-3	0	9991
2	40742	51.6450	337.6859	0001486	336.0005	55.7463	15.62645613	9948
1	40742U	98067GU	15261.42700939	.00059663	00000-0	65393-3	0	9994
2	40742	51.6452	336.6687	0001327	332.2761	114.1215	15.62668331	9979
1	40742U	98067GU	15261.63104762	.00059604	00000-0	65269-3	0	9996
2	40742	51.6454	335.6387	0001360	330.6600	184.3481	15.62692057	10000
1	40742U	98067GU	15262.25011854	.00059625	00000-0	65105-3	0	9996
2	40742	51.6454	332.5123	0001498	335.5053	64.6081	15.62765277	10104
1	40742U	98067GU	15262.45067626	.00059596	00000-0	65013-3	0	9991
2	40742	51.6446	331.4992	0001539	345.4866	103.7210	15.62789416	10138
1	40742U	98067GU	15262.58784144	.00059759	00000-0	65145-3	0	9993
2	40742	51.6447	330.8067	0001545	347.9776	153.4502	15.62806607	10159
1	40742U	98067GU	15263.20843072	.00059971	00000-0	65182-3	0	9996
2	40742	51.6451	327.6728	0001529	349.2609	46.0818	15.62881220	10256
1	40742U	98067GU	15263.40988517	.00060892	00000-0	66090-3	0	9995
2	40742	51.6446	326.6569	0001589	342.6968	106.8941	15.62910635	10281
1	40742U	98067GU	15263.67424948	.00061690	00000-0	66849-3	0	9996
2	40742	51.6446	325.3214	0001604	347.1823	150.8671	15.62946241	10328
1	40742U	98067GU	15264.43340727	.00091928	00000-0	98347-3	0	9998
2	40742	51.6465	321.4890	0002123	0.4061	92.2346	15.63105733	10441
1	40742U	98067GU	15264.63249774	.00067006	00000-0	72084-3	0	9990
2	40742	51.6471	320.4766	0003010	2.1969	131.4790	15.63095585	10476
1	40742U	98067GU	15265.19109164	.00069378	00000-0	74349-3	0	9990
2	40742	51.6477	317.6592	0001273	28.1278	11.0704	15.63182334	10564
1	40742U	98067GU	15265.58934078	.00072360	00000-0	77289-3	0	9994
2	40742	51.6459	315.6476	0001372	3.2043	118.6888	15.63249095	10629
1	40742U	98067GU	15266.14882377	.00073073	00000-0	77784-3	0	9993
2	40742	51.6448	312.8176	0001558	10.8565	21.8290	15.63332101	10715
1	40742U	98067GU	15266.41585670	.00071454	00000-0	76004-3	0	9994
2	40742	51.6457	311.4683	0001597	8.8402	87.6761	15.63360598	10751
1	40742U	98067GU	15266.55331491	.00071162	00000-0	75646-3	0	9996
2	40742	51.6458	310.7739	0001508	7.8615	142.7990	15.63378479	10779
1	40742U	98067GU	15267.17302833	.00069982	00000-0	74178-3	0	9999
2	40742	51.6450	307.6411	0001889	8.6152	32.2799	15.63458321	10876
1	40742U	98067GU	15267.37370233	.00069426	00000-0	73526-3	0	9999
2	40742	51.6446	306.6269	0001787	14.5764	76.5573	15.63483309	10902
1	40742U	98067GU	15267.51295458	.00067971	00000-0	71972-3	0	9996
2	40742	51.6453	305.9289	0001550	2.5058	152.9310	15.63497289	10927
1	40742U	98067GU	15268.01035560	.00068286	00000-0	72104-3	0	9996
2	40742	51.6446	303.4100	0001954	359.5561	77.4832	15.63566021	11007
1	40742U	98067GU	15268.52864356	.00068527	00000-0	72148-3	0	9991
2	40742	51.6446	300.7898	0002266	3.7418	112.6785	15.63638099	11089
1	40742U	98067GU	15268.59645556	.00068629	00000-0	72226-3	0	9997
2	40742	51.6446	300.4467	0002275	4.7507	133.6480	15.63647815	11090
1	40742U	98067GU	15269.16650027	.00070296	00000-0	73700-3	0	9991
2	40742	51.6433	297.5608	0002657	8.9930	100.5197	15.63733958	11181
1	40742U	98067GU	15269.49266545	.00072521	00000-0	75819-3	0	9991
2	40742	51.6437	295.9086	0003292	10.3062	136.6267	15.63790466	11237
1	40742U	98067GU	15269.55414866	.00073414	00000-0	76701-3	0	9992
2	40742	51.6450	295.6017	0003020	21.7732	111.5349	15.63803454	11248
1	40742U	98067GU	15270.11295378	.00074142	00000-0	77195-3	0	9998
2	40742	51.6445	292.7742	0002668	28.6615	12.7480	15.63888113	11331
1	40742U	98067GU	15270.45018668	.00075788	00000-0	78707-3	0	9997
2	40742	51.6442	291.0699	0002436	29.4599	111.8874	15.63944228	11387
1	40742U	98067GU	15271.47405281	.00076288	00000-0	78734-3	0	9997
2	40742	51.6436	285.8877	0002623	32.4032	117.6529	15.64099602	11540
1	40742U	98067GU	15272.09310472	.00076449	00000-0	78606-3	0	9990
2	40742	51.6434	282.7544	0002556	36.3898	1.8323	15.64193355	11640
1	40742U	98067GU	15272.43327631	.00076853	00000-0	78846-3	0	9998
2	40742	51.6441	281.0331	0002729	38.1300	116.9523	15.64247116	11694
1	40742U	98067GU	15273.05147123	.00094196	00000-0	95839-3	0	9994
2	40742	51.6426	277.9071	0002928	44.4633	354.3245	15.64370034	11798
1	40742U	98067GU	15273.45519311	.00079149	00000-0	80627-3	0	9990
2	40742	51.6425	275.8596	0002733	36.9614	117.0119	15.64414473	11852
1	40742U	98067GU	15274.13832068	.00081413	00000-0	82507-3	0	9999
2	40742	51.6414	272.4003	0002428	51.2100	352.8228	15.64533592	11963
1	40742U	98067GU	15274.47394682	.00083890	00000-0	84749-3	0	9992
2	40742	51.6418	270.7021	0003127	49.2878	86.4241	15.64598740	12012
1	40742U	98067GU	15275.16674429	.00085063	00000-0	85512-3	0	9992
2	40742	51.6404	267.1948	0002573	52.5406	28.1687	15.64718931	12128
1	40742U	98067GU	15275.36911413	.00086144	00000-0	86432-3	0	9994
2	40742	51.6401	266.1687	0003616	54.0710	87.3782	15.64758811	12155
1	40742U	98067GU	15276.06641831	.00087876	00000-0	87705-3	0	9993
2	40742	51.6416	262.6363	0003375	59.5642	52.6895	15.64884627	12266
1	40742U	98067GU	15276.39260883	.00092174	00000-0	91616-3	0	9996
2	40742	51.6413	260.9815	0004493	47.7337	103.4829	15.64963125	12317
1	40742U	98067GU	15277.14701434	.00101125	00000-0	99557-3	0	9991
2	40742	51.6426	257.1568	0005588	34.0749	50.6714	15.65156231	12438
1	40742U	98067GU	15277.34894618	.00107637	00000-0	10563-2	0	9993
2	40742	51.6437	256.1420	0002747	72.3708	71.0330	15.65220666	12468
1	40742U	98067GU	15277.78189348	.00108462	00000-0	10603-2	0	9990
2	40742	51.6442	253.9455	0002592	76.5683	348.1168	15.65315138	12537
1	40742U	98067GU	15277.98099278	.00108554	00000-0	10594-2	0	9995
2	40742	51.6430	252.9359	0002706	71.7605	35.6370	15.65357261	12563
1	40742U	98067GU	15278.37229039	.00110448	00000-0	10736-2	0	9992
2	40742	51.6421	250.9488	0003342	64.7878	89.2216	15.65446689	12629
1	40742U	98067GU	15278.80242382	.00110835	00000-0	10732-2	0	9992
2	40742	51.6421	248.7670	0003380	65.8759	353.8920	15.65540915	12695
1	40742U	98067GU	15279.19157390	.00105214	00000-0	10177-2	0	9997
2	40742	51.6421	246.7939	0002112	91.1984	3.2170	15.65595948	12751
1	40742U	98067GU	15279.51140198	.00104434	00000-0	10078-2	0	9994
2	40742	51.6409	245.1685	0001810	60.6946	37.5375	15.65657387	12800
1	40742U	98067GU	15279.76163566	.00104548	00000-0	10068-2	0	9990
2	40742	51.6405	243.8992	0001622	62.2964	7.3121	15.65708731	12849
1	40742U	98067GU	15280.14793375	.00098523	00000-0	94779-3	0	9998
2	40742	51.6435	241.9510	0003589	105.2578	343.1246	15.65757584	12906
1	40742U	98067GU	15280.34550691	.00093261	00000-0	89741-3	0	9999
2	40742	51.6428	240.9469	0003043	90.4482	32.3091	15.65776793	12935
1	40742U	98067GU	15280.71763311	.00093057	00000-0	89307-3	0	9996
2	40742	51.6423	239.0581	0003064	92.0869	329.7161	15.65843996	12991
1	40742U	98067GU	15280.90408115	+.00086268	+00000-0	+82866-3	0	9994
2	40742	051.6418	238.1137	0002839	098.9275	294.5486	15.65854590	013023
1	40742U	98067GU	15281.10536705	.00089738	00000-0	85975-3	0	9993
2	40742	51.6409	237.0943	0003051	100.3485	348.6042	15.65902115	13053
1	40742U	98067GU	15281.36929718	.00098049	00000-0	93517-3	0	9997
2	40742	51.6444	235.7550	0003507	100.2597	37.6108	15.65974278	13091
1	40742U	98067GU	15282.12666235	.00111270	00000-0	10508-2	0	9994
2	40742	51.6430	231.9019	0002768	87.9167	2.7986	15.66167157	13218
1	40742U	98067GU	15282.32509868	.00113768	00000-0	10718-2	0	9991
2	40742	51.6429	230.8939	0002673	70.2613	60.0410	15.66216305	13243
1	40742U	98067GU	15282.82854462	.00064869	00000-0	61613-3	0	9997
2	40742	51.6395	228.3458	0002659	95.8354	354.9948	15.66254310	13320
1	40742U	98067GU	15283.08385291	.00100294	00000-0	94234-3	0	9993
2	40742	51.6484	227.0418	0003801	99.3850	352.0263	15.66337093	13364
1	40742U	98067GU	15283.34734030	.00083395	00000-0	78577-3	0	9995
2	40742	51.6418	225.7112	0002918	109.5745	28.5468	15.66349034	13407
1	40742U	98067GU	15283.83851228	.00083449	00000-0	78377-3	0	9996
2	40742	51.6415	223.2172	0002818	111.4776	278.2124	15.66429009	13480
1	40742U	98067GU	15284.30334962	.00075694	00000-0	71057-3	0	9991
2	40742	51.6421	220.8566	0002899	113.9795	18.7533	15.66481891	13550
1	40742U	98067GU	15284.86092928	.00084873	00000-0	79158-3	0	9994
2	40742	51.6406	218.0186	0003684	81.0774	318.2554	15.66593021	13645
1	40742U	98067GU	15285.19784944	.00077416	00000-0	72250-3	0	9998
2	40742	51.6419	216.3158	0002704	112.9768	27.7148	15.66618244	13699
1	40742U	98067GU	15285.25830949	.00077469	00000-0	72273-3	0	9995
2	40742	51.6416	216.0080	0002679	116.0801	5.8238	15.66627285	13705
1	40742U	98067GU	15285.81653103	.00077176	00000-0	71762-3	0	9999
2	40742	51.6411	213.1718	0002727	112.9579	279.4204	15.66710855	13794
1	40742U	98067GU	15286.08296872	.00074198	00000-0	68958-3	0	9999
2	40742	51.6427	211.8170	0002972	122.8334	333.2872	15.66738596	13836
1	40742U	98067GU	15286.28132466	.00074526	00000-0	69172-3	0	9993
2	40742	51.6430	210.8103	0003039	122.6186	13.0462	15.66769374	13862
1	40742U	98067GU	15286.83847648	.00074774	00000-0	69166-3	0	9997
2	40742	51.6430	207.9787	0003044	124.9896	275.4073	15.66852453	13959
1	40742U	98067GU	15287.17528316	.00079645	00000-0	73353-3	0	9998
2	40742	51.6417	206.2705	0004015	137.3638	4.2888	15.66930034	14008
1	40742U	98067GU	15287.23781997	.00080030	00000-0	73669-3	0	9991
2	40742	51.6414	205.9520	0003776	131.2190	3.4439	15.66942016	14012
1	40742U	98067GU	15287.87153381	.00082710	00000-0	75759-3	0	9990
2	40742	51.6418	202.7294	0003267	132.0731	339.9003	15.67053118	14116
1	40742U	98067GU	15288.17053557	.00102313	00000-0	93328-3	0	9992
2	40742	51.6411	201.2071	0002888	140.8591	219.3139	15.67183228	6595
1	40742U	98067GU	15288.19748358	.00087557	00000-0	79876-3	0	9998
2	40742	51.6408	201.0701	0003146	129.8809	22.2489	15.67129158	14169
1	40742U	98067GU	15288.61687760	.00107511	00000-0	97635-3	0	9990
2	40742	51.6413	198.9361	0003174	137.8863	222.2899	15.67291612	6669
1	40742U	98067GU	15288.82712978	.00098826	00000-0	89330-3	0	9994
2	40742	51.6438	197.8698	0002157	135.2577	331.9799	15.67307159	14267
1	40742U	98067GU	15289.15433380	.00105651	00000-0	95021-3	0	9997
2	40742	51.6453	196.2095	0003176	137.7820	16.9935	15.67398815	14315
1	40742U	98067GU	15289.33500267	.00106133	00000-0	95291-3	0	9991
2	40742	51.6458	195.2910	0003339	137.3115	317.6157	15.67438499	14342
1	40742U	98067GU	15289.71697782	.00108210	00000-0	96773-3	0	9996
2	40742	51.6460	193.3460	0002950	144.8456	307.0200	15.67528224	14408
1	40742U	98067GU	15289.90085891	+.00110861	+00000-0	+98904-3	0	9992
2	40742	051.6430	192.4115	0002627	156.9088	253.3522	15.67577473	014431
1	40742U	98067GU	15289.97203147	.00111055	00000-0	99010-3	0	9990
2	40742	51.6426	192.0489	0002505	156.5053	295.6753	15.67593758	14449
1	40742U	98067GU	15290.17427601	.00113138	00000-0	10061-2	0	9999
2	40742	51.6428	191.0196	0003057	151.0599	3.2551	15.67645503	14471
1	40742U	98067GU	15290.73833384	.00115588	00000-0	10219-2	0	9996
2	40742	51.6422	188.1474	0002881	150.7733	309.1156	15.67781781	14569
1	40742U	98067GU	15291.12276443	.00117294	00000-0	10327-2	0	9993
2	40742	51.6426	186.1923	0002606	143.8621	327.2865	15.67875475	14623
1	40742U	98067GU	15291.56156103	.00117807	00000-0	10328-2	0	9992
2	40742	51.6424	183.9583	0002615	145.6485	283.9658	15.67977806	14692
1	40742U	98067GU	15291.82485649	.00130260	00000-0	11346-2	0	9990
2	40742	51.6403	182.6313	0002497	158.9081	318.0856	15.68089012	14732
1	40742U	98067GU	15292.14447203	.00162504	00000-0	14013-2	0	9990
2	40742	51.6421	180.9945	0002793	159.3060	323.2739	15.68218047	14780
1	40742U	98067GU	15292.51586522	.00163466	00000-0	14025-2	0	9990
2	40742	51.6422	179.1027	0002818	161.4096	259.3899	15.68337385	14843
1	40742U	98067GU	15292.83175524	.00159084	00000-0	13608-2	0	9998
2	40742	51.6424	177.4937	0002639	162.7417	242.8052	15.68426785	14894
1	40742U	98067GU	15293.16632116	.00156256	00000-0	13320-2	0	9999
2	40742	51.6422	175.7890	0002446	167.6211	328.3053	15.68522194	14941
1	40742U	98067GU	15293.53741499	.00155888	00000-0	13228-2	0	9992
2	40742	51.6420	173.9008	0002571	168.7312	264.1174	15.68633260	15009
1	40742U	98067GU	15293.85758124	.00149097	00000-0	12627-2	0	9997
2	40742	51.6436	172.2762	0002800	165.2073	276.8358	15.68705971	15054
1	40742U	98067GU	15294.18768678	.00148998	00000-0	12570-2	0	9995
2	40742	51.6429	170.5899	0002637	169.1887	338.3755	15.68800528	15107
1	40742U	98067GU	15294.49129811	.00149585	00000-0	12572-2	0	9994
2	40742	51.6430	169.0421	0002651	170.6389	252.8264	15.68890043	15154
1	40742U	98067GU	15294.80655715	.00150110	00000-0	12567-2	0	9996
2	40742	51.6428	167.4348	0002810	174.6515	230.6476	15.68982931	15206
1	40742U	98067GU	15295.14120435	.00151092	00000-0	12595-2	0	9991
2	40742	51.6427	165.7287	0002733	176.6054	320.2293	15.69083894	15251
1	40742U	98067GU	15295.64371483	.00153439	00000-0	12704-2	0	9996
2	40742	51.6433	163.1632	0002500	179.6351	277.8045	15.69241436	15338
1	40742U	98067GU	15295.83220689	.00154233	00000-0	12736-2	0	9996
2	40742	51.6424	162.2027	0002972	185.2892	257.7446	15.69301027	15360
1	40742U	98067GU	15296.16188314	.00155424	00000-0	12777-2	0	9999
2	40742	51.6429	160.5232	0003284	182.7244	324.1370	15.69404624	15412
1	40742U	98067GU	15296.78126047	.00160006	00000-0	13034-2	0	9991
2	40742	51.6422	157.3619	0003416	192.0601	216.8039	15.69608998	15516
1	40742U	98067GU	15297.11540087	.00161346	00000-0	13082-2	0	9994
2	40742	51.6421	155.6578	0003321	192.1834	306.1097	15.69717073	15561
1	40742U	98067GU	15297.41994484	.00162424	00000-0	13114-2	0	9995
2	40742	51.6423	154.1027	0003223	192.5706	227.9085	15.69815689	15614
1	40742U	98067GU	15297.74894999	.00162807	00000-0	13088-2	0	9996
2	40742	51.6422	152.4238	0003486	196.9231	284.1761	15.69918796	15664
1	40742U	98067GU	15297.93456532	.00162628	00000-0	13043-2	0	9996
2	40742	51.6419	151.4751	0003444	198.5700	252.2872	15.69975529	15691
1	40742U	98067GU	15298.62569527	.00162351	00000-0	12908-2	0	9994
2	40742	51.6407	147.9480	0002583	198.7927	201.1287	15.70189040	15806
1	40742U	98067GU	15298.82493703	+.00161052	+00000-0	+12777-2	0	9999
2	40742	051.6412	146.9328	0002739	209.4019	237.5250	15.70245549	015830
1	40742U	98067GU	15299.02817273	.00161432	00000-0	12772-2	0	9991
2	40742	51.6411	145.8944	0002692	211.9428	304.6469	15.70309837	15863
1	40742U	98067GU	15299.57878171	.00161638	00000-0	12697-2	0	9999
2	40742	51.6410	143.0830	0002916	212.2163	179.2843	15.70481249	15955
1	40742U	98067GU	15299.84449843	.00159535	00000-0	12497-2	0	9990
2	40742	51.6407	141.7266	0003798	213.7236	241.0643	15.70551933	15993
1	40742U	98067GU	15300.09695869	.00159611	00000-0	12462-2	0	9998
2	40742	51.6404	140.4349	0003873	221.7396	221.4354	15.70628472	16038
1	40742U	98067GU	15300.73270399	.00157905	00000-0	12237-2	0	9990
2	40742	51.6404	137.1874	0003275	232.0316	208.4139	15.70816659	16130
1	40742U	98067GU	15300.79409840	+.00158079	+00000-0	+12240-2	0	9998
2	40742	051.6404	136.8735	0003284	232.7605	195.1040	15.70836057	016148
1	40742U	98067GU	15301.00112672	.00158527	00000-0	12241-2	0	9996
2	40742	51.6404	135.8150	0003305	233.7436	285.6804	15.70900719	16178
1	40742U	98067GU	15301.00112672	.00249776	00000-0	19064-2	0	9993
2	40742	51.6397	135.8200	0003294	253.0212	266.2010	15.70882092	16176
1	40742U	98067GU	15301.81693156	.00144730	00000-0	11121-2	0	9993
2	40742	51.6387	131.6391	0002504	199.5690	256.4662	15.71067674	16308
1	40742U	98067GU	15301.95369832	.00144201	00000-0	11066-2	0	9990
2	40742	51.6390	130.9378	0001848	215.9611	294.1084	15.71102577	16326
1	40742U	98067GU	15302.57029149	.00137471	00000-0	10494-2	0	9998
2	40742	51.6411	127.7968	0003482	230.0797	169.8727	15.71246780	16426
1	40742U	98067GU	15302.90649855	.00137553	00000-0	10461-2	0	9992
2	40742	51.6407	126.0758	0003606	235.0712	267.9585	15.71336025	16479
1	40742U	98067GU	15303.52358201	.00138951	00000-0	10489-2	0	9996
2	40742	51.6399	122.9208	0003616	240.3808	155.9170	15.71506767	16579
1	40742U	98067GU	15303.78868735	.00140269	00000-0	10553-2	0	9999
2	40742	51.6405	121.5633	0003285	248.4957	208.6715	15.71584127	16612
1	40742U	98067GU	15304.10716818	.00141078	00000-0	10573-2	0	9991
2	40742	51.6404	119.9334	0003231	247.8612	212.4457	15.71673992	16662
1	40742U	98067GU	15304.54174066	.00129708	00000-0	96777-3	0	9999
2	40742	51.6391	117.7085	0003618	265.3226	135.6447	15.71818371	16736
1	40742U	98067GU	15304.74231469	.00145882	00000-0	10826-2	0	9993
2	40742	51.6393	116.6828	0003451	264.8698	191.8518	15.71888729	16763
1	40742U	98067GU	15304.87743983	.00153885	00000-0	11383-2	0	9997
2	40742	51.6397	115.9908	0003482	261.5992	240.3032	15.71937648	16781
1	40742U	98067GU	15305.49428575	.00157994	00000-0	11584-2	0	9991
2	40742	51.6397	112.8312	0003527	263.8712	131.3194	15.72132161	16888
1	40742U	98067GU	15305.69507247	.00158134	00000-0	11564-2	0	9992
2	40742	51.6396	111.8026	0003548	264.3003	188.0647	15.72194027	16915
1	40742U	98067GU	15305.89609493	.00160057	00000-0	11668-2	0	9992
2	40742	51.6405	110.7729	0003515	267.7177	243.2130	15.72261268	16943
1	40742U	98067GU	15306.51169075	.00163087	00000-0	11783-2	0	9993
2	40742	51.6404	107.6167	0003537	268.3718	129.5024	15.72462324	17041
1	40742U	98067GU	15306.85029275	.00164278	00000-0	11811-2	0	9992
2	40742	51.6405	105.8830	0003561	273.4022	242.6151	15.72573338	17092
1	40742U	98067GU	15307.46500257	.00163346	00000-0	11652-2	0	9992
2	40742	51.6406	102.7314	0002909	289.2560	109.3174	15.72762807	17199
1	40742U	98067GU	15307.85991652	.00163475	00000-0	11600-2	0	9994
2	40742	51.6401	100.7072	0002928	284.5499	191.5895	15.72886344	17256
1	40742U	98067GU	15307.92720208	.00163373	00000-0	11583-2	0	9996
2	40742	51.6400	100.3625	0003051	284.2467	213.1453	15.72906818	17266
1	40742U	98067GU	15308.41627531	.00163044	00000-0	11485-2	0	9992
2	40742	51.6402	97.8531	0003219	289.4872	99.2527	15.73058752	17347
1	40742U	98067GU	15308.81766419	.00170980	00000-0	11947-2	0	9995
2	40742	51.6413	95.7957	0001896	284.0072	219.5869	15.73225329	17409
1	40742U	98067GU	15309.31405698	.00176285	00000-0	12207-2	0	9994
2	40742	51.6398	93.2367	0004132	327.7260	109.3512	15.73412774	17480
1	40742U	98067GU	15309.80852897	.00190723	00000-0	13274-2	0	9993
2	40742	51.6367	90.7099	0004473	298.1708	61.9354	15.73647209	9993
1	40742U	98067GU	15309.83562904	.00185120	00000-0	12688-2	0	9996
2	40742	51.6379	90.5709	0002829	295.3327	218.3740	15.73627105	17563
1	40742U	98067GU	15309.89644999	.00185300	00000-0	12688-2	0	9997
2	40742	51.6379	90.2586	0002823	295.4920	203.0037	15.73649270	17575
1	40742U	98067GU	15310.46261551	.00172528	00000-0	11737-2	0	9993
2	40742	51.6409	87.3548	0004556	308.7150	159.5293	15.73834927	17666
1	40742U	98067GU	15310.84766263	.00190745	00000-0	12852-2	0	9995
2	40742	51.6407	85.3754	0003316	310.3343	181.1415	15.74006130	17729
1	40742U	98067GU	15311.41477566	.00183458	00000-0	12275-2	0	9996
2	40742	51.6358	82.4589	0005835	315.0322	152.1665	15.74178020	17818
1	40742U	98067GU	15311.80396778	.00186075	00000-0	12371-2	0	9999
2	40742	51.6356	80.4691	0004497	306.0540	208.3313	15.74326238	17879
1	40742U	98067GU	15312.55310249	.00216333	00000-0	14058-2	0	9996
2	40742	51.6370	76.6049	0005606	316.9092	126.9281	15.74753619	17993
1	40742U	98067GU	15313.38213183	.00228572	00000-0	14611-2	0	9990
2	40742	51.6402	72.3693	0001403	277.9476	189.4323	15.75108205	18123
1	40742U	98067GU	15313.77086372	.00231311	00000-0	14668-2	0	9998
2	40742	51.6418	70.3562	0002596	343.3745	169.8547	15.75283819	18185
1	40742U	98067GU	15314.20014097	.00238856	00000-0	14990-2	0	9991
2	40742	51.6404	68.1420	0003840	345.7042	83.7885	15.75495149	18255
1	40742U	98067GU	15314.51551446	.00233281	00000-0	14582-2	0	9993
2	40742	51.6421	66.5276	0002139	329.5073	89.8651	15.75606978	18307
1	40742U	98067GU	15314.78204606	.00228994	00000-0	14259-2	0	9991
2	40742	51.6434	65.1609	0001689	326.6420	165.5809	15.75709754	18346
1	40742U	98067GU	15315.15048087	.00226447	00000-0	14008-2	0	9995
2	40742	51.6410	63.2451	0004161	334.2012	89.4733	15.75861263	18405
1	40742U	98067GU	15315.46506678	.00229914	00000-0	14121-2	0	9992
2	40742	51.6411	61.6284	0004669	335.9619	73.7141	15.76011529	18453
1	40742U	98067GU	15315.73690997	.00230589	00000-0	14087-2	0	9991
2	40742	51.6407	60.2300	0004566	337.0128	176.1015	15.76131930	18497
1	40742U	98067GU	15316.16594550	.00236367	00000-0	14298-2	0	9991
2	40742	51.6400	58.0222	0004624	336.6963	92.6281	15.76339747	18566
1	40742U	98067GU	15316.28550999	.00236685	00000-0	14282-2	0	9999
2	40742	51.6400	57.4051	0004799	339.1882	49.1068	15.76393608	18588
1	40742U	98067GU	15316.48902138	.00234569	00000-0	14109-2	0	9994
2	40742	51.6404	56.3572	0004824	340.6484	123.3264	15.76472510	18619
1	40742U	98067GU	15316.74750340	.00234853	00000-0	14053-2	0	9993
2	40742	51.6387	55.0192	0005503	337.0429	154.9132	15.76585285	18659
1	40742U	98067GU	15317.18161220	.00210172	00000-0	12554-2	0	9997
2	40742	51.6422	52.7941	0004865	349.1243	88.3542	15.76702175	18725
1	40742U	98067GU	15317.43019388	.00188474	00000-0	11251-2	0	9994
2	40742	51.6400	51.5074	0006360	351.8662	57.5435	15.76771957	18769
1	40742U	98067GU	15317.69543203	.00188615	00000-0	11210-2	0	9992
2	40742	51.6396	50.1388	0006390	352.5044	123.5614	15.76869300	18809
1	40742U	98067GU	15318.13085523	.00202926	00000-0	11937-2	0	9996
2	40742	51.6402	47.8911	0005960	356.3430	73.3680	15.77062109	18870
1	40742U	98067GU	15318.51507889	.00210366	00000-0	12271-2	0	9991
2	40742	51.6401	45.9108	0005669	357.4097	95.3253	15.77232457	18935
1	40742U	98067GU	15318.71187516	.00213768	00000-0	12418-2	0	9996
2	40742	51.6415	44.9005	0004595	3.0101	127.9488	15.77321070	18967
1	40742U	98067GU	15319.08004354	.00216232	00000-0	12470-2	0	9992
2	40742	51.6412	42.9989	0004666	2.9424	60.1302	15.77478475	19021
1	40742U	98067GU	15319.34152177	.00226536	00000-0	12961-2	0	9991
2	40742	51.6409	41.6479	0005560	355.9850	113.1383	15.77621003	19064
1	40742U	98067GU	15319.72652391	.00230715	00000-0	13086-2	0	9999
2	40742	51.6403	39.6594	0005828	358.0725	139.2704	15.77801463	19128
1	40742U	98067GU	15320.21377898	.00233395	00000-0	13103-2	0	9998
2	40742	51.6401	37.1427	0005646	359.2578	27.8074	15.78023513	19205
1	40742U	98067GU	15320.47846345	.00240568	00000-0	13400-2	0	9994
2	40742	51.6388	35.7647	0007271	359.8266	92.0113	15.78165610	19240
1	40742U	98067GU	15321.22866610	.00282487	00000-0	15347-2	0	9993
2	40742	51.6357	31.8934	0007215	11.6453	25.9199	15.78604996	19368
1	40742U	98067GU	15321.42667199	.00254232	00000-0	13832-2	0	9990
2	40742	51.6416	30.8705	0006409	4.5786	79.0126	15.78657821	19391
1	40742U	98067GU	15321.68917734	.00262924	00000-0	14194-2	0	9990
2	40742	51.6403	29.5212	0005901	15.3927	121.1742	15.78811339	19432
1	40742U	98067GU	15322.17606929	.00266401	00000-0	14212-2	0	9991
2	40742	51.6401	27.0016	0006022	16.6598	9.3613	15.79063269	19513
1	40742U	98067GU	15322.43637438	.00272892	00000-0	14441-2	0	9994
2	40742	51.6405	25.6461	0006559	15.8322	51.0673	15.79219412	19553
1	40742U	98067GU	15322.63804812	+.00277558	+00000-0	+14587-2	0	9993
2	40742	051.6381	024.5931	0008933	005.9899	128.2783	15.79336693	019586
1	40742U	98067GU	15322.63804813	.00277558	00000-0	14587-2	0	9994
2	40742	51.6381	24.5931	0008933	5.9899	128.2783	15.79336693	19586
1	40742U	98067GU	15323.18390978	.00280769	00000-0	14982-2	0	9994
2	40742	51.6393	21.7778	0006813	24.8115	335.3730	15.79623557	19674
1	40742U	98067GU	15323.20196249	.00280221	00000-0	14540-2	0	9995
2	40742	51.6386	21.6797	0006559	15.3619	87.5570	15.79633383	19673
1	40742U	98067GU	15323.38943951	.00280621	00000-0	14495-2	0	9997
2	40742	51.6390	20.7090	0006574	17.7513	72.0402	15.79732613	19703
1	40742U	98067GU	15323.45402089	.00280500	00000-0	14468-2	0	9993
2	40742	51.6385	20.3741	0006412	18.9865	78.3290	15.79765466	19717
1	40742U	98067GU	15324.20297146	.00279404	00000-0	14156-2	0	9998
2	40742	51.6377	16.4922	0007425	18.9779	21.0925	15.80152200	19835
1	40742U	98067GU	15324.53697926	.00281076	00000-0	14124-2	0	9997
2	40742	51.6377	14.7617	0006920	24.3083	117.1842	15.80332310	19887
1	40742U	98067GU	15324.59699182	.00281623	00000-0	14128-2	0	9991
2	40742	51.6378	14.4505	0007047	24.0365	99.1142	15.80365575	19894
1	40742U	98067GU	15325.15012911	.00285707	00000-0	14127-2	0	9999
2	40742	51.6380	11.5824	0007113	25.4261	7.1336	15.80670218	19980
1	40742U	98067GU	15325.41421608	.00281037	00000-0	13835-2	0	9992
2	40742	51.6367	10.2112	0005771	39.4710	56.8590	15.80788717	20027
1	40742U	98067GU	15325.61088707	.00281706	00000-0	13799-2	0	9995
2	40742	51.6366	9.1905	0005968	34.5906	101.7431	15.80892993	20053
1	40742U	98067GU	15326.10924499	.00280472	00000-0	13583-2	0	9997
2	40742	51.6369	6.6032	0005342	37.4471	57.2589	15.81147712	20135
1	40742U	98067GU	15326.36093402	.00273935	00000-0	13200-2	0	9998
2	40742	51.6376	5.3012	0007452	35.9107	52.3893	15.81258288	20179
1	40742U	98067GU	15327.10908345	.00276804	00000-0	13091-2	0	9998
2	40742	51.6380	1.4183	0007753	36.8745	353.6884	15.81651705	20293
1	40742U	98067GU	15327.36983501	.00274325	00000-0	12899-2	0	9994
2	40742	51.6379	0.0620	0008327	36.0435	40.2389	15.81775944	20334
1	40742U	98067GU	15327.56893027	.00276320	00000-0	12924-2	0	9995
2	40742	51.6379	359.0274	0008346	38.1437	92.6824	15.81884859	20366
1	40742U	98067GU	15328.19769943	.00279291	00000-0	12852-2	0	9994
2	40742	51.6359	355.7593	0009106	40.0457	74.2694	15.82218163	20462
1	40742U	98067GU	15328.58109534	.00279388	00000-0	12742-2	0	9996
2	40742	51.6357	353.7720	0008423	45.2507	94.4933	15.82418271	20523
1	40742U	98067GU	15329.06693763	.00282795	00000-0	12732-2	0	9997
2	40742	51.6356	351.2438	0008499	47.1667	342.3899	15.82683218	20602
1	40742U	98067GU	15329.46573707	.00277520	00000-0	12397-2	0	9993
2	40742	51.6389	349.1737	0008126	50.8979	92.4599	15.82869008	20669
1	40742U	98067GU	15329.52668255	.00276633	00000-0	12337-2	0	9991
2	40742	51.6369	348.8488	0008717	45.6350	85.2399	15.82898528	20675
1	40742U	98067GU	15330.15408600	.00275881	00000-0	12118-2	0	9999
2	40742	51.6344	345.5812	0009177	49.3777	59.4604	15.83218020	20775
1	40742U	98067GU	15330.47722736	.00268151	00000-0	11713-2	0	9995
2	40742	51.6347	343.9013	0008885	56.1536	95.7340	15.83359821	20828
1	40742U	98067GU	15330.90423566	+.00270280	+00000-0	+11680-2	0	9991
2	40742	051.6352	341.6776	0008873	058.5621	009.1325	15.83580965	020897
1	40742U	98067GU	15331.08882311	.00266747	00000-0	11488-2	0	9997
2	40742	51.6348	340.7205	0009181	61.6007	339.0930	15.83659698	20926
1	40742U	98067GU	15331.42192814	.00266392	00000-0	11387-2	0	9991
2	40742	51.6361	338.9838	0008558	62.4058	78.7593	15.83825438	20978
1	40742U	98067GU	15331.84957421	.00269308	00000-0	11387-2	0	9990
2	40742	51.6356	336.7546	0008452	64.1941	357.1436	15.84048562	21042
1	40742U	98067GU	15332.23332856	.00276909	00000-0	11571-2	0	9993
2	40742	51.6348	334.7547	0008972	60.4175	30.9934	15.84270051	21103
1	40742U	98067GU	15332.43272476	.00281856	00000-0	11704-2	0	9991
2	40742	51.6357	333.7172	0008974	63.8853	85.6093	15.84390467	21138
1	40742U	98067GU	15332.86057030	.00285704	00000-0	11724-2	0	9993
2	40742	51.6357	331.4837	0008940	64.8788	6.8115	15.84628126	21206
1	40742U	98067GU	15333.24170343	.00295811	00000-0	11986-2	0	9999
2	40742	51.6343	329.4888	0009008	55.9905	31.6344	15.84866646	21269
1	40742U	98067GU	15333.37718177	.00299880	00000-0	12095-2	0	9998
2	40742	51.6340	328.7845	0008904	68.1602	73.0150	15.84952893	21282
1	40742U	98067GU	15333.86919010	.00305165	00000-0	12130-2	0	9995
2	40742	51.6340	326.2154	0008927	70.7129	359.9533	15.85244072	21360
1	40742U	98067GU	15334.18667144	.00311541	00000-0	12252-2	0	9999
2	40742	51.6338	324.5574	0009101	70.2195	13.6595	15.85446332	21418
1	40742U	98067GU	15334.38794358	.00315555	00000-0	12326-2	0	9990
2	40742	51.6355	323.5087	0009134	73.9895	79.5329	15.85577023	21449
1	40742U	98067GU	15335.94088297	+.00340676	+00000-0	+12636-2	0	9997
2	40742	051.6358	315.3869	0008356	086.2808	300.4650	15.86590163	021696
1	40742U	98067GU	15336.18895809	.00351986	00000-0	12911-2	0	9991
2	40742	51.6357	314.0866	0008464	86.6909	278.1819	15.86790053	21737
1	40742U	98067GU	15336.94961343	+.00357449	+00000-0	+12789-2	0	9995
2	40742	051.6373	310.0999	0007401	099.8913	293.7926	15.87294403	021853
1	40742U	98067GU	15337.19843685	.00355913	00000-0	12643-2	0	9994
2	40742	51.6396	308.8094	0006661	97.7486	278.7780	15.87451249	21896
1	40742U	98067GU	15337.21234205	.00356372	00000-0	12651-2	0	9998
2	40742	51.6402	308.7371	0006804	96.7418	359.3097	15.87462281	21899
1	40742U	98067GU	15337.95752499	+.00352070	+00000-0	+12192-2	0	9990
2	40742	051.6288	304.8179	0010297	092.3412	305.8366	15.87933351	022012
1	40742U	98067GU	15338.15493476	.00339230	00000-0	11714-2	0	9992
2	40742	51.6316	303.7935	0008984	103.7416	343.7170	15.88039863	22046
1	40742U	98067GU	15338.20704191	.00339538	00000-0	11704-2	0	9997
2	40742	51.6315	303.5206	0009035	104.2621	281.2971	15.88073473	22057
1	40742U	98067GU	15339.09817858	.00344031	00000-0	11534-2	0	9995
2	40742	51.6445	298.8564	0006660	101.8760	342.7081	15.88647620	22193
1	40742U	98067GU	15339.16254834	.00339002	00000-0	11344-2	0	9993
2	40742	51.6318	298.5100	0009005	112.3551	340.5995	15.88669937	22203
1	40742U	98067GU	15339.61400270	.00328252	50314-4	11332-2	0	9999
2	40742	51.6315	296.1382	0008843	113.8234	43.0992	15.88966884	22279
1	40742U	98067GU	15340.10453738	.00347244	55299-4	11771-2	0	9998
2	40742	51.6341	293.5591	0008308	110.2160	334.9576	15.89326775	22355
1	40742U	98067GU	15340.17090725	.00350642	56219-4	11849-2	0	9993
2	40742	51.6326	293.2134	0008917	118.4326	346.7644	15.89377362	22364
1	40742U	98067GU	15340.92417628	.00413868	75106-4	13500-2	0	9993
2	40742	51.6329	289.2557	0008953	119.9250	339.2275	15.90049283	22483
1	40742U	98067GU	15341.11169123	.00421651	77762-4	13631-2	0	9993
2	40742	51.6320	288.2700	0009232	121.3216	332.0148	15.90218195	22517
1	40742U	98067GU	15341.16212867	.00422587	78105-4	13631-2	0	9993
2	40742	51.6320	288.0046	0009238	121.3259	260.9556	15.90261273	22529
1	40742U	98067GU	15341.85477280	.00464577	93353-4	14476-2	0	9996
2	40742	51.6320	284.3579	0008986	126.2193	265.0025	15.90930330	22635
1	40742U	98067GU	15342.16812892	.00471602	96284-4	14470-2	0	9990
2	40742	51.6327	282.7049	0009151	129.9952	257.3249	15.91225455	22687
1	40742U	98067GU	15342.25199685	.00470858	96088-4	14391-2	0	9994
2	40742	51.6333	282.2635	0009071	130.4197	17.6692	15.91302024	22697
1	40742U	98067GU	15342.80765806	.00467928	95532-4	13934-2	0	9998
2	40742	51.6324	279.3342	0009316	133.3769	320.5749	15.91800943	22780
1	40742U	98067GU	15343.25724763	.00450184	89399-4	13148-2	0	9992
2	40742	51.6330	276.9628	0008942	136.2688	16.0990	15.92184094	22859
1	40742U	98067GU	15343.99776131	+.00449977	+89980-4	+12712-2	0	9999
2	40742	051.6318	273.0492	0008645	137.9399	302.6648	15.92824262	022974
1	40742U	98067GU	15344.06223903	.00452393	90926-4	12739-2	0	9999
2	40742	51.6322	272.7081	0008612	138.3861	312.2082	15.92885275	22983
1	40742U	98067GU	15344.79917990	.00436005	00000-0	11742-2	0	9990
2	40742	51.6318	268.8063	0009153	141.9165	218.3009	15.93511240	15539
1	40742U	98067GU	15344.80457834	.00489366	10605-3	13215-2	0	9998
2	40742	51.6331	268.8223	0010933	149.9557	241.4482	15.93627988	23104
1	40742U	98067GU	15345.06636589	.00520474	11956-3	13874-2	0	9990
2	40742	51.6323	267.3748	0007099	136.5351	317.9715	15.93931586	23148
1	40742U	98067GU	15345.51695325	.00584151	15048-3	15079-2	0	9990
2	40742	51.6334	265.0241	0008870	152.9098	9.4210	15.94501545	23211
1	40742U	98067GU	15345.80810600	.00592461	15538-3	15015-2	0	9994
2	40742	51.6327	263.4833	0008927	152.4667	242.4584	15.94841878	23266
1	40742U	98067GU	15346.00502615	.00602006	16085-3	15062-2	0	9998
2	40742	51.6315	262.4370	0008750	151.5754	294.8216	15.95083422	23299
1	40742U	98067GU	15346.94321985	+.00655887	+19393-3	+15359-2	0	9999
2	40742	051.6302	257.4621	0008976	157.9695	281.5761	15.96296386	023443
1	40742U	98067GU	15347.00744684	.00660620	19700-3	15391-2	0	9991
2	40742	51.6288	257.1197	0009197	158.6853	290.2269	15.96385425	23455
1	40742U	98067GU	15347.74821594	.00659172	19860-3	14579-2	0	9992
2	40742	51.6356	253.2148	0010193	170.6565	219.5482	15.97309700	23573
1	40742U	98067GU	15347.94533726	+.00669520	+20571-3	+14599-2	0	9992
2	40742	051.6340	252.1583	0009666	170.5865	274.0063	15.97575756	023603
1	40742U	98067GU	15348.01023160	.00661492	20095-3	14372-2	0	9997
2	40742	51.6322	251.8015	0009014	170.0180	288.0650	15.97652016	23614
1	40742U	98067GU	15348.87701354	.00696962	22720-3	14183-2	0	9996
2	40742	51.6306	247.1796	0008950	173.5664	235.0832	15.98821279	23752
1	40742U	98067GU	15349.01175762	.00731255	25166-3	14677-2	0	9991
2	40742	51.6255	246.4476	0009990	168.7743	296.0536	15.99047018	23773
1	40742U	98067GU	15349.74913689	.00912356	41108-3	16909-2	0	9996
2	40742	51.6334	242.5375	0009686	184.1614	210.4072	16.00471822	23892
1	40742U	98067GU	15349.94542626	.00937728	43902-3	17030-2	0	9997
2	40742	51.6343	241.4844	0008388	187.6217	258.8401	16.00852963	23921
1	40742U	98067GU	15350.88138891	.01035339	56340-3	16911-2	0	9992
2	40742	51.6318	236.4740	0007321	194.6028	252.6541	16.02704158	24074
1	40742U	98067GU	15351.13698517	.00980896	50310-3	15572-2	0	9996
2	40742	51.6284	235.1040	0009763	189.8854	293.2922	16.03124259	24118
1	40742U	98067GU	15351.45726854	.00990404	51921-3	15181-2	0	9998
2	40742	51.6281	233.3907	0009350	191.4038	341.7874	16.03720147	24160
1	40742U	98067GU	15351.61422512	.01008759	54380-3	15183-2	0	9998
2	40742	51.6281	232.5479	0009200	191.5766	168.4871	16.04030185	24199
1	40742U	98067GU	15351.86340081	.00962416	49340-3	14110-2	0	9992
2	40742	51.6284	231.2043	0009011	195.9770	164.1055	16.04456190	24238
1	40742U	98067GU	15351.92567994	+.00979226	+51391-3	+14246-2	0	9999
2	40742	051.6280	230.8690	0008904	195.2728	164.8080	16.04589446	024240
1	40742U	98067GU	15351.98795440	.00989876	52761-3	14291-2	0	9998
2	40742	51.6286	230.5357	0008890	195.1347	164.9422	16.04717634	24257
1	40742U	98067GU	15352.36150343	.01038115	59509-3	14314-2	0	9993
2	40742	51.6286	228.5265	0008631	197.8525	162.2220	16.05486750	24319
1	40742U	98067GU	15352.85922262	.01170682	80217-3	14999-2	0	9999
2	40742	51.6291	225.8468	0008222	202.2515	157.8200	16.06723546	24390
1	40742U	98067GU	15352.92141394	+.01191751	+83894-3	+15125-2	0	9992
2	40742	051.6262	225.5104	0008055	207.1024	152.9691	16.06885238	024404
1	40742U	98067GU	15353.17011846	.01255998	96192-3	15327-2	0	9991
2	40742	51.6242	224.1748	0008473	207.5467	152.5248	16.07528627	24445
1	40742U	98067GU	15353.35658007	.01266629	99054-3	15009-2	0	9997
2	40742	51.6230	223.1713	0009322	206.8731	153.1630	16.07980246	24477
1	40742U	98067GU	15353.54299436	.01322007	11097-2	15215-2	0	9997
2	40742	51.6254	222.1648	0008236	207.0578	152.9900	16.08486087	24500
1	40742U	98067GU	15353.54299621	.01299394	10638-2	14950-2	0	9990
2	40742	51.6234	222.1636	0009175	208.0516	152.0018	16.08461434	24501
1	40742U	98067GU	15353.79146135	.01335781	11533-2	14767-2	0	9990
2	40742	51.6271	220.8142	0008895	211.8301	148.2188	16.09107508	24540
1	40742U	98067GU	15353.85356084	.01333928	11532-2	14597-2	0	9994
2	40742	51.6251	220.4800	0009023	213.4294	146.6080	16.09261153	24559
1	40742U	98067GU	15353.85356207	.01334878	11552-2	14608-2	0	9991
2	40742	51.6253	220.4798	0008996	213.4681	146.5767	16.09261976	24559
1	40742U	98067GU	15353.91565577	+.01383470	+12670-2	+14965-2	0	9990
2	40742	051.6253	220.1438	0008934	213.9604	146.1000	16.09468860	024567
1	40742U	98067GU	15354.10189309	.01417657	13623-2	14848-2	0	9991
2	40742	51.6274	219.1346	0008549	212.0437	148.0210	16.09993501	24594
1	40742U	98067GU	15354.35010895	.01511827	16334-2	15101-2	0	9990
2	40742	51.6274	217.7893	0008293	214.1623	145.9535	16.10784180	24635
1	40742U	98067GU	15354.78417697	.02245618	55321-2	20721-2	0	9994
2	40742	51.6233	215.4360	0008567	223.8593	136.9048	16.12926155	24700
1	40742U	98067GU	15355.09367796	.02670517	15171-1	25243-2	0	9995
2	40742	51.6211	213.7494	0008133	221.5800	138.7254	16.14985643	24753
1	40742U	98067GU	15355.64976029	.03385215	11823-4	18032-2	0	9991
2	40742	51.6053	210.6914	0013870	280.7377	79.1276	16.18975735	24847
1	40742U	98067GU	15355.64978304	.04135732	11810-4	21441-2	0	9991
2	40742	51.6171	210.7044	0008240	226.9088	133.2569	16.19498046	24842
1	40742U	98067GU	15355.83487598	.04342605	11858-4	19805-2	0	9994
2	40742	51.6191	209.6894	0007485	235.3033	125.3027	16.21149864	24876
1	40742U	98067GU	15355.95802003	.04228319	11882-4	17796-2	0	9998
2	40742	51.6204	209.0165	0007117	226.2152	133.8042	16.22158193	24898
1	40742U	98067GU	15356.08119078	.04419523	11917-4	16869-2	0	9994
2	40742	51.6208	208.3307	0006988	233.4724	126.6674	16.23352667	24919
1	40742U	98067GU	15356.51147295	.04838236	12078-4	12542-2	0	9993
2	40742	51.6234	205.9624	0008467	289.9071	70.2387	16.27774794	24983
1	40742U	98067GU	15356.57282944	.05977099	12057-4	13801-2	0	9998
2	40742	51.6214	205.6178	0006336	238.4714	121.8181	16.29083592	24995
1	40742U	98067GU	15356.63411446	.06808404	12087-4	14255-2	0	9997
2	40742	51.6148	205.2598	0007869	248.4310	111.6797	16.30081753	25000
1	40742U	98067GU	15356.81780009	.08579333	12175-4	12826-2	0	9999
2	40742	51.6229	204.2440	0006144	243.4416	116.5939	16.33516871	25034
1	40742U	98067GU	15356.81786907	.08049366	12178-4	12191-2	0	9998
2	40742	51.6148	204.2330	0006693	249.1948	111.2418	16.33377460	25037
1	40742U	98067GU	15357.06218623	.17667936	12460-4	10671-2	0	9995
2	40742	51.6185	202.8374	0002350	302.0479	59.3790	16.41482756	25077
