#	#	#	#	#	#	#	#	#
1	41844U	16066D	16315.11165948	-.00000070	00000-0	00000+0	0	9998
2	41844	97.3991	319.6882	0014991	282.9040	163.8808	15.21906383	10
1	41844U	16066D	16315.37878757	-.00000070	00000-0	00000+0	0	9995
2	41844	97.4034	319.9513	0013493	287.9133	181.0397	15.21440710	64
1	41844U	16066D	16315.51865465	-.00000070	00000-0	00000+0	0	9993
2	41844	97.4062	320.0950	0014275	290.5038	224.0254	15.21439693	86
1	41844U	16066D	16315.55619527	-.00000004	00000-0	00000+0	0	9990
2	41844	97.4067	320.1325	0014403	289.2155	70.8046	15.21441843	93
1	41844U	16066D	16315.62196508	-.00000005	00000-0	00000+0	0	9998
2	41844	97.4067	320.1975	0014347	288.9859	71.0345	15.21439507	109
1	41844U	16066D	16315.62196527	-.00000005	00000-0	00000+0	0	9999
2	41844	97.4065	320.1975	0014307	289.0978	70.9231	15.21439083	108
1	41844U	16066D	16315.68773144	-.00000003	00000-0	00000+0	0	9999
2	41844	97.4077	320.2633	0014746	287.0287	72.9856	15.21445899	119
1	41844U	16066D	16315.75350037	-.00000002	00000-0	00000+0	0	9998
2	41844	97.4077	320.3280	0014742	286.7692	73.2449	15.21445568	126
1	41844U	16066D	16315.84172545	-.00000070	00000-0	00000+0	0	9999
2	41844	97.4075	320.4109	0014455	287.3039	195.6182	15.21442104	135
1	41844U	16066D	16316.02831494	-.00000070	00000-0	00000+0	0	9995
2	41844	97.4065	320.5957	0014514	283.5792	140.7054	15.21462444	167
1	41844U	16066D	16316.09864219	-.00000070	00000-0	00000+0	0	9993
2	41844	97.4062	320.6660	0014740	283.0952	166.1287	15.21447552	174
1	41844U	16066D	16316.82444009	-.00000070	00000-0	00000+0	0	9995
2	41844	97.4070	321.3835	0014490	281.7766	180.2471	15.21444417	286
1	41844U	16066D	16317.01852383	-.00000070	00000-0	00000+0	0	9995
2	41844	97.4063	321.5730	0014647	280.9892	163.3963	15.21447696	313
1	41844U	16066D	16317.49167671	-.00000070	00000-0	00000+0	0	9996
2	41844	97.4068	322.0361	0014948	279.6058	234.6748	15.21447055	386
1	41844U	16066D	16317.79112269	-.00000070	00000-0	00000+0	0	9992
2	41844	97.4067	322.3309	0014948	278.2783	75.0834	15.21447233	426
1	41844U	16066D	16318.00497314	-.00000070	00000-0	00000+0	0	9994
2	41844	97.4067	322.5414	0014956	277.6180	166.2994	15.21447414	463
1	41844U	16066D	16318.47386765	-.00000070	00000-0	00000+0	0	9992
2	41844	97.4061	323.0051	0014637	275.9878	214.5308	15.21448388	536
1	41844U	16066D	16318.60744887	-.00000070	00000-0	00000+0	0	9990
2	41844	97.3969	323.1343	0013380	284.7617	216.9096	15.21423534	558
1	41844U	16066D	16318.79827041	-.00000070	00000-0	00000+0	0	9994
2	41844	97.4058	323.3237	0014637	275.0152	191.1921	15.21448627	589
1	41844U	16066D	16319.05755468	-.00000070	00000-0	00000+0	0	9997
2	41844	97.4026	323.5767	0014920	274.4912	170.9722	15.21450548	620
1	41844U	16066D	16319.19816000	-.00000070	00000-0	00000+0	0	9992
2	41844	97.4054	323.7172	0014671	273.7310	221.3611	15.21449045	640
1	41844U	16066D	16319.59024740	-.00000070	00000-0	00000+0	0	9998
2	41844	97.4056	324.1024	0014686	272.5301	208.7414	15.21449538	700
1	41844U	16066D	16319.91365948	-.00000070	00000-0	00000+0	0	9992
2	41844	97.4053	324.4201	0014633	271.1698	180.3711	15.21449794	757
1	41844U	16066D	16320.23670403	-.00000070	00000-0	00000+0	0	9994
2	41844	97.4053	324.7378	0014665	270.1170	149.6797	15.21449938	802
1	41844U	16066D	16320.57579976	-.00000070	00000-0	00000+0	0	9994
2	41844	97.4053	325.0716	0014609	268.6963	207.2200	15.21450270	858
1	41844U	16066D	16320.70830131	-.00000070	00000-0	00000+0	0	9992
2	41844	97.4053	325.2021	0014592	268.3257	212.8711	15.21450554	879
1	41844U	16066D	16320.96448041	-.00000070	+00000-0	+00000-0	0	9996
2	41844	097.4053	325.4543	0014632	267.6915	175.7612	15.21450820	000916
1	41844U	16066D	16321.09652515	-.00000070	00000-0	00000+0	0	9993
2	41844	97.4052	325.5843	0014639	267.2410	178.9880	15.21450855	934
1	41844U	16066D	16321.24728009	-.00000070	00000-0	00000+0	0	9992
2	41844	97.4055	325.7318	0014490	264.8636	286.5668	15.21451222	955
1	41844U	16066D	16321.43377069	-.00000070	00000-0	00000+0	0	9999
2	41844	97.4047	325.9123	0014679	260.2771	231.9909	15.21456419	989
1	41844U	16066D	16321.56210887	-.00000070	00000-0	00000+0	0	9997
2	41844	97.4048	326.0394	0015219	257.4672	217.2837	15.21453780	1000
1	41844U	16066D	16321.69669947	-.00000070	00000-0	00000+0	0	9996
2	41844	97.4048	326.1717	0015219	256.9959	234.4099	15.21448156	1026
1	41844U	16066D	16321.88707667	-.00000070	00000-0	00000+0	0	9999
2	41844	97.4051	326.3594	0014782	261.6528	191.8878	15.21456462	1057
1	41844U	16066D	16322.22237288	-.00000070	00000-0	00000+0	0	9995
2	41844	97.4048	326.6901	0014852	260.7199	228.1538	15.21457474	1107
1	41844U	16066D	16322.35110174	-.00000070	00000-0	00000+0	0	9993
2	41844	97.4051	326.8171	0014763	260.4346	213.0694	15.21457710	1125
1	41844U	16066D	16322.67860853	-.00000070	00000-0	00000+0	0	9994
2	41844	97.4049	327.1390	0014659	259.4002	206.7954	15.21458079	1172
1	41844U	16066D	16322.87395109	-.00000070	+00000-0	+00000-0	0	9994
2	41844	097.4050	327.3309	0014650	259.0544	196.3979	15.21458284	001207
1	41844U	16066D	16323.13535456	-.00000070	00000-0	00000+0	0	9994
2	41844	97.4048	327.5882	0014702	258.0875	188.2231	15.21458455	1241
1	41844U	16066D	16323.53529019	-.00000070	00000-0	00000+0	0	9996
2	41844	97.4048	327.9817	0014630	256.2044	219.2574	15.21458772	1305
1	41844U	16066D	16323.92006616	-.00000070	00000-0	00000+0	0	9992
2	41844	97.4049	328.3599	0014604	255.5464	166.0855	15.21459185	1363
1	41844U	16066D	16324.24828882	-.00000070	00000-0	00000+0	0	9995
2	41844	97.4050	328.6829	0014632	254.5437	163.6987	15.21459337	1418
1	41844U	16066D	16324.58383333	-.00000070	00000-0	00000+0	0	9999
2	41844	97.4051	329.0136	0014550	253.3611	201.5710	15.21459501	1469
1	41844U	16066D	16324.91176514	-.00000070	00000-0	00000+0	0	9997
2	41844	97.4053	329.3358	0014576	252.8876	197.0664	15.21459929	1512
1	41844U	16066D	16325.23547792	-.00000070	00000-0	00000+0	0	9993
2	41844	97.4057	329.6533	0014610	250.4271	171.4575	15.21460105	1566
1	41844U	16066D	16325.58197538	-.00000070	00000-0	00000+0	0	9990
2	41844	97.4059	329.9945	0014457	249.2256	269.3074	15.21460522	1616
1	41844U	16066D	16325.89793729	-.00000070	00000-0	00000+0	0	9998
2	41844	97.4061	330.3060	0014510	250.1920	197.8444	15.21461177	1660
1	41844U	16066D	16326.22068573	-.00000070	00000-0	00000+0	0	9998
2	41844	97.4065	330.6240	0014763	248.8973	165.7956	15.21461856	1711
1	41844U	16066D	16326.56733156	-.00000070	00000-0	00000+0	0	9991
2	41844	97.4070	330.9646	0014349	246.4108	265.7516	15.21462623	1765
1	41844U	16066D	16326.88382400	-.00000070	00000-0	00000+0	0	9998
2	41844	97.4071	331.2754	0014440	244.0586	200.5233	15.21463497	1815
1	41844U	16066D	16327.22110983	-.00000070	00000-0	00000+0	0	9992
2	41844	97.4067	331.6082	0014614	243.6483	247.1641	15.21464202	1862
1	41844U	16066D	16327.54701973	-.00000070	00000-0	00000+0	0	9992
2	41844	97.4062	331.9296	0014564	242.3710	232.4083	15.21465039	1912
1	41844U	16066D	16327.87040635	-.00000070	00000-0	00000+0	0	9999
2	41844	97.4061	332.2472	0014698	241.1657	203.7665	15.21465630	1965
1	41844U	16066D	16328.20756897	-.00000070	00000-0	00000+0	0	9991
2	41844	97.4062	332.5790	0014994	238.7740	251.7241	15.21466466	2014
1	41844U	16066D	16328.54196043	-.00000070	00000-0	00000+0	0	9999
2	41844	97.4062	332.9084	0014933	236.3325	284.5612	15.21467061	2063
1	41844U	16066D	16328.92314794	-.00000070	00000-0	00000+0	0	9996
2	41844	97.4062	333.2826	0015018	234.7330	212.7102	15.21467828	2129
1	41844U	16066D	16329.19435537	-.00000070	00000-0	00000+0	0	9995
2	41844	97.4063	333.5494	0015140	234.1690	257.8127	15.21468433	2167
1	41844U	16066D	16329.52764035	-.00000070	00000-0	00000+0	0	9990
2	41844	97.4064	333.8780	0015231	231.6899	284.6307	15.21468884	2217
1	41844U	16066D	16330.04202597	-.00000070	00000-0	00000+0	0	9999
2	41844	97.4064	334.3833	0014703	231.9276	220.0422	15.21470461	2291
1	41844U	16066D	16330.23387385	-.00000070	00000-0	00000+0	0	9999
2	41844	97.4066	334.5724	0014722	231.2524	190.8575	15.21470877	2322
1	41844U	16066D	16330.57253897	-.00000070	00000-0	00000+0	0	9996
2	41844	97.4074	334.9073	0014818	227.1875	248.7190	15.21471366	2376
1	41844U	16066D	16330.89666667	-.00000070	00000-0	00000+0	0	9994
2	41844	97.4073	335.2257	0014704	227.2767	222.8499	15.21472348	2420
1	41844U	16066D	16331.23294615	-.00000070	00000-0	00000+0	0	9993
2	41844	97.4072	335.5565	0014921	226.1789	264.6879	15.21473429	2479
1	41844U	16066D	16331.55874813	-.00000070	00000-0	00000+0	0	9992
2	41844	97.4074	335.8776	0014773	224.8793	249.3697	15.21473937	2521
1	41844U	16066D	16331.88798793	-.00000070	00000-0	00000+0	0	9990
2	41844	97.4074	336.2010	0014702	223.4000	253.0606	15.21475038	2576
1	41844U	16066D	16332.21945061	-.00000070	00000-0	00000+0	0	9990
2	41844	97.4071	336.5271	0014746	223.4374	267.4007	15.21476224	2625
1	41844U	16066D	16332.54539078	-.00000070	00000-0	00000+0	0	9993
2	41844	97.4071	336.8488	0014628	222.0193	252.9648	15.21477036	2678
1	41844U	16066D	16332.87490836	-.00000070	00000-0	00000+0	0	9997
2	41844	97.4060	337.1711	0014813	220.2756	258.4497	15.21478392	2725
1	41844U	16066D	16333.20590181	-.00000070	00000-0	00000+0	0	9999
2	41844	97.4057	337.4968	0015232	219.1235	271.4162	15.21479498	2770
1	41844U	16066D	16333.54066491	-.00000070	00000-0	00000+0	0	9998
2	41844	97.4058	337.8267	0015338	216.0051	306.9877	15.21480642	2822
1	41844U	16066D	16333.92147563	-.00000070	00000-0	00000+0	0	9990
2	41844	97.4053	338.2010	0015362	215.3283	232.1735	15.21481872	2889
1	41844U	16066D	16334.19248530	-.00000070	00000-0	00000+0	0	9996
2	41844	97.4052	338.4680	0015636	214.3872	276.5890	15.21482925	2929
1	41844U	16066D	16334.58054851	-.00000070	00000-0	00000+0	0	9990
2	41844	97.4048	338.8489	0015516	212.2338	242.9510	15.21483996	2987
1	41844U	16066D	16334.90790815	-.00000070	00000-0	00000+0	0	9993
2	41844	97.4052	339.1712	0015497	211.7224	235.3839	15.21484654	3030
1	41844U	16066D	16335.23254263	-.00000070	00000-0	00000+0	0	9992
2	41844	97.4052	339.4919	0015506	211.1968	212.9202	15.21485686	3088
1	41844U	16066D	16335.51295903	-.00000070	00000-0	00000+0	0	9999
2	41844	97.4054	339.7678	0015226	210.2095	308.8686	15.21486278	3129
1	41844U	16066D	16335.89388760	-.00000070	00000-0	00000+0	0	9994
2	41844	97.4057	340.1421	0015190	210.2153	234.0322	15.21487960	3181
1	41844U	16066D	16336.23089212	-.00000070	00000-0	00000+0	0	9993
2	41844	97.4061	340.4739	0015292	209.3673	279.6052	15.21488866	3237
1	41844U	16066D	16336.35867623	-.00000070	00000-0	00000+0	0	9996
2	41844	97.4070	340.5997	0014984	209.0029	259.4494	15.21489719	3259
1	41844U	16066D	16336.88621709	-.00000070	00000-0	00000+0	0	9997
2	41844	97.4063	341.1184	0014664	207.5716	268.5913	15.21491639	3337
1	41844U	16066D	16337.61411620	-.00000070	00000-0	00000+0	0	9998
2	41844	97.4044	341.8355	0015537	203.0360	297.6241	15.21498824	3441
1	41844U	16066D	16337.78498843	-.00000070	00000-0	00000+0	0	9998
2	41844	97.4044	342.0036	0015537	202.4376	153.5585	15.21498824	3463
1	41844U	16066D	16337.93305223	-.00000070	+00000-0	+00000-0	0	9995
2	41844	097.4045	342.1489	0015574	201.6494	244.8358	15.21499133	003499
1	41844U	16066D	16338.26862608	-.00000070	00000-0	00000+0	0	9996
2	41844	97.4047	342.4794	0015526	200.7874	282.5962	15.21499483	3546
1	41844U	16066D	16338.39704091	-.00000070	00000-0	00000+0	0	9991
2	41844	97.4048	342.6059	0015523	200.2404	266.0733	15.21499551	3565
1	41844U	16066D	16338.85996707	-.00000070	00000-0	00000+0	0	9999
2	41844	97.4046	343.0602	0015462	198.5829	281.7571	15.21502676	3639
1	41844U	16066D	16339.17987595	-.00000070	00000-0	00000+0	0	9990
2	41844	97.4048	343.3755	0015581	197.8062	233.6742	15.21500349	3682
1	41844U	16066D	16339.52386484	-.00000070	00000-0	00000+0	0	9999
2	41844	97.4050	343.7140	0015808	195.3123	319.1351	15.21500600	3732
1	41844U	16066D	16339.84659988	-.00000070	00000-0	00000+0	0	9996
2	41844	97.4037	344.0292	0015561	194.3192	286.7543	15.21501301	3786
1	41844U	16066D	16340.09499963	-.00000070	00000-0	00000+0	0	9990
2	41844	97.4038	344.2738	0015596	193.7988	206.9936	15.21501536	3823
1	41844U	16066D	16340.50977111	-.00000070	00000-0	00000+0	0	9992
2	41844	97.4041	344.6828	0015884	191.1339	320.0868	15.21501896	3880
1	41844U	16066D	16340.76428913	-.00000070	00000-0	00000+0	0	9991
2	41844	97.4039	344.9327	0015847	190.3804	274.0503	15.21502120	3921
1	41844U	16066D	16341.15109443	-.00000070	00000-0	00000+0	0	9999
2	41844	97.4040	345.3128	0015809	190.1657	231.6200	15.21503605	3987
1	41844U	16066D	16341.49759926	-.00000070	00000-0	00000+0	0	9993
2	41844	97.4044	345.6540	0015914	186.6867	331.8514	15.21504442	4030
1	41844U	16066D	16341.81302645	-.00000070	00000-0	00000+0	0	9991
2	41844	97.4047	345.9645	0015615	186.8236	258.3438	15.21505358	4082
1	41844U	16066D	16342.20369664	-.00000070	00000-0	00000+0	0	9999
2	41844	97.4046	346.3493	0015580	185.9526	237.7193	15.21506124	4148
1	41844U	16066D	16342.54187127	-.00000070	00000-0	00000+0	0	9998
2	41844	97.4052	346.6822	0015360	184.1154	290.7039	15.21506707	4198
1	41844U	16066D	16342.87146130	-.00000070	00000-0	00000+0	0	9993
2	41844	97.4053	347.0054	0015481	183.2538	295.7292	15.21507618	4245
1	41844U	16066D	16343.12841668	-.00000070	00000-0	00000+0	0	9990
2	41844	97.4048	347.2582	0015445	182.8601	262.6825	15.21508184	4281
1	41844U	16066D	16343.33298773	-.00000070	00000-0	00000+0	0	9996
2	41844	97.4051	347.4596	0015614	181.7139	303.6407	15.21508415	4317
1	41844U	16066D	16343.63894163	.00001413	00000-0	62609-4	0	9993
2	41844	97.4069	347.7632	0016091	180.8226	179.3510	15.21518559	4365
1	41844U	16066D	16343.85818582	-.00000070	00000-0	00000+0	0	9999
2	41844	97.4051	347.9762	0015551	180.2110	300.0541	15.21509509	4393
1	41844U	16066D	16343.98306719	-.00000070	00000-0	00000+0	0	9997
2	41844	97.4050	348.0993	0015711	180.5437	263.3192	15.21509885	4416
1	41844U	16066D	16344.18824244	-.00000070	00000-0	00000+0	0	9998
2	41844	97.4048	348.3014	0015778	180.0165	306.9653	15.21510186	4441
1	41844U	16066D	16344.52413359	-.00000070	00000-0	00000+0	0	9997
2	41844	97.4056	348.6322	0015436	177.5654	348.0709	15.21511015	4496
1	41844U	16066D	16344.84504721	-.00000070	00000-0	00000+0	0	9996
2	41844	97.4059	348.9475	0015396	176.7694	305.5378	15.21511802	4541
1	41844U	16066D	16345.22860045	-.00000070	00000-0	00000+0	0	9993
2	41844	97.4054	349.3254	0015476	176.4642	245.4015	15.21512794	4603
1	41844U	16066D	16345.56716351	-.00000070	00000-0	00000+0	0	9990
2	41844	97.4057	349.6590	0015639	174.1244	301.0325	15.21513856	4654
1	41844U	16066D	16345.89037333	-.00000070	00000-0	00000+0	0	9992
2	41844	97.4054	349.9759	0015721	173.8165	270.5919	15.21515066	4701
1	41844U	16066D	16346.22733875	-.00000070	00000-0	00000+0	0	9994
2	41844	97.4049	350.3071	0016125	173.8867	315.0803	15.21516875	4757
1	41844U	16066D	16346.30479167	-.00000070	00000-0	00000+0	0	9994
2	41844	97.4052	350.3847	0016496	172.6124	20.3387	15.21517425	4762
1	41844U	16066D	16346.42626072	-.00000070	00000-0	00000+0	0	9996
2	41844	97.4052	350.5042	0016496	172.1870	325.6807	15.21517425	4784
1	41844U	16066D	16346.74561388	-.00000070	00000-0	00000+0	0	9999
2	41844	97.4045	350.8180	0016663	170.5923	275.4155	15.21518382	4836
1	41844U	16066D	16346.94320448	-.00000070	+00000-0	+00000-0	0	9992
2	41844	097.4045	351.0121	0016699	170.3460	277.2772	15.21519192	004865
1	41844U	16066D	16347.20180667	-.00000070	00000-0	00000+0	0	9998
2	41844	97.4051	351.2680	0016968	169.5672	253.6479	15.21520075	4907
1	41844U	16066D	16347.54009094	-.00000070	00000-0	00000+0	0	9999
2	41844	97.4054	351.6015	0017232	167.4405	307.5456	15.21520858	4950
1	41844U	16066D	16347.85760013	-.00000070	00000-0	00000+0	0	9998
2	41844	97.4054	351.9139	0017232	166.3285	246.6936	15.21520858	5007
1	41844U	16066D	16348.20054203	-.00000070	00000-0	00000+0	0	9995
2	41844	97.4055	352.2506	0017129	165.3886	324.9042	15.21521980	5051
1	41844U	16066D	16348.52673266	-.00000070	00000-0	00000+0	0	9996
2	41844	97.4054	352.5725	0016672	162.5466	313.3154	15.21523071	5106
1	41844U	16066D	16348.91178201	-.00000070	00000-0	00000+0	0	9998
2	41844	97.4056	352.9516	0016567	162.3561	261.2746	15.21524414	5163
1	41844U	16066D	16349.24000206	-.00000070	00000-0	00000+0	0	9994
2	41844	97.4053	353.2748	0016705	161.2722	259.0397	15.21525101	5219
1	41844U	16066D	16349.57942619	-.00000070	00000-0	00000+0	0	9993
2	41844	97.4056	353.6089	0016658	159.0582	319.2663	15.21525856	5267
1	41844U	16066D	16349.89566446	-.00000070	00000-0	00000+0	0	9998
2	41844	97.4059	353.9202	0016779	158.7754	250.6517	15.21527010	5317
1	41844U	16066D	16350.22700485	-.00000070	00000-0	00000+0	0	9990
2	41844	97.4057	354.2471	0016925	157.6962	265.4986	15.21527962	5364
1	41844U	16066D	16350.36652000	-.00000070	00000-0	00000+0	0	9994
2	41844	97.4055	354.3847	0017005	156.8216	310.0831	15.21528294	5380
1	41844U	16066D	16350.69233498	-.00000070	00000-0	00000+0	0	9996
2	41844	97.4053	354.7051	0017146	155.4856	294.9434	15.21529127	5431
1	41844U	16066D	16350.74162002	.00000238	00000-0	10523-4	0	9995
2	41844	97.4065	354.7509	0016823	156.2626	203.9901	15.21536800	5443
1	41844U	16066D	16350.82987446	-.00000070	00000-0	00000+0	0	9990
2	41844	97.4056	354.8400	0017171	155.2704	328.0561	15.21529561	5455
1	41844U	16066D	16351.14704131	-.00000070	00000-0	00000+0	0	9994
2	41844	97.4057	355.1526	0017186	154.1766	265.3266	15.21529940	5503
1	41844U	16066D	16351.55187875	-.00000070	00000-0	00000+0	0	9999
2	41844	97.4053	355.5508	0017191	152.3952	323.2049	15.21531064	5565
1	41844U	16066D	16351.88119568	-.00000070	00000-0	00000+0	0	9999
2	41844	97.4054	355.8741	0017366	151.7693	326.5278	15.21531872	5610
1	41844U	16066D	16352.13036206	-.00000070	00000-0	00000+0	0	9995
2	41844	97.4052	356.1190	0017393	151.2568	250.9842	15.21532158	5655
1	41844U	16066D	16352.53829466	-.00000070	00000-0	00000+0	0	9997
2	41844	97.4048	356.5204	0017575	149.9870	325.2934	15.21532854	5710
1	41844U	16066D	16352.86809208	-.00000070	00000-0	00000+0	0	9995
2	41844	97.4048	356.8437	0017710	149.6585	330.9502	15.21533582	5760
1	41844U	16066D	16353.25148422	-.00000070	00000-0	00000+0	0	9993
2	41844	97.4045	357.2192	0017335	148.7407	270.5657	15.21534002	5821
1	41844U	16066D	16353.32970672	-.00000070	00000-0	00000+0	0	9991
2	41844	97.4047	357.2963	0017212	148.4962	339.0030	15.21534224	5839
1	41844U	16066D	16353.71714344	-.00000070	00000-0	00000+0	0	9996
2	41844	97.4046	357.6778	0017301	146.1506	302.1916	15.21534791	5893
1	41844U	16066D	16353.91473544	-.00000070	+00000-0	+00000-0	0	9993
2	41844	097.4049	357.8721	0017304	145.6593	304.3087	15.21534974	005929
1	41844U	16066D	16354.04536514	-.00000070	00000-0	00000+0	0	9994
2	41844	97.4048	358.0001	0017036	145.4335	299.6056	15.21535317	5942
1	41844U	16066D	16354.37918285	-.00000070	00000-0	00000+0	0	9999
2	41844	97.4047	358.3289	0017130	144.1879	328.1839	15.21535816	5992
1	41844U	16066D	16354.70381662	-.00000070	00000-0	00000+0	0	9999
2	41844	97.4050	358.6479	0017075	142.3191	307.1091	15.21536142	6042
1	41844U	16066D	16354.90055385	-.00000070	+00000-0	+00000-0	0	9992
2	41844	097.4050	358.8403	0017059	142.0903	304.2892	15.21536585	006072
1	41844U	16066D	16355.03172726	-.00000070	00000-0	00000+0	0	9995
2	41844	97.4051	358.9699	0017041	141.8788	302.5511	15.21536877	6095
1	41844U	16066D	16355.36548144	-.00000070	00000-0	00000+0	0	9992
2	41844	97.4047	359.2984	0017122	140.9246	330.4933	15.21537408	6145
1	41844U	16066D	16355.69048778	-.00000070	00000-0	00000+0	0	9996
2	41844	97.4049	359.6185	0017227	139.4011	311.1226	15.21538087	6193
1	41844U	16066D	16355.89255999	-.00000070	+00000-0	+00000-0	0	9994
2	41844	097.4048	359.8165	0017217	138.8555	337.8223	15.21538351	006227
1	41844U	16066D	16356.01828215	-.00000070	00000-0	00000+0	0	9995
2	41844	97.4050	359.9407	0017324	138.6603	306.2305	15.21538644	6249
1	41844U	16066D	16356.35228934	-.00000070	00000-0	00000+0	0	9994
2	41844	97.4049	0.2697	0017194	136.5343	336.7256	15.21539074	6293
1	41844U	16066D	16356.87937769	-.00000070	00000-0	00000+0	0	9994
2	41844	97.4062	0.7897	0017703	135.6777	342.9320	15.21544367	6373
1	41844U	16066D	16357.07046484	-.00000070	00000-0	00000+0	0	9992
2	41844	97.4062	0.9783	0017691	135.0314	309.6027	15.21544878	6401
1	41844U	16066D	16357.53685872	-.00000070	00000-0	00000+0	0	9993
2	41844	97.4061	1.4381	0017779	133.4569	344.2507	15.21545859	6476
1	41844U	16066D	16357.85977499	-.00000070	00000-0	00000+0	0	9997
2	41844	97.4061	1.7559	0017779	132.3260	313.0449	15.21545859	6527
1	41844U	16066D	16357.99107300	-.00000070	+00000-0	+00000-0	0	9999
2	41844	097.4054	001.8829	0017304	131.2645	312.8388	15.21546651	006541
1	41844U	16066D	16358.19677275	-.00000070	00000-0	00000+0	0	9994
2	41844	97.4054	2.0851	0017283	130.3246	359.7928	15.21546913	6576
1	41844U	16066D	16358.52317010	-.00000070	00000-0	00000+0	0	9999
2	41844	97.4055	2.4064	0017278	129.0249	347.8183	15.21547910	6624
1	41844U	16066D	16358.85268727	-.00000070	00000-0	00000+0	0	9995
2	41844	97.4055	2.7303	0017194	127.9276	352.7160	15.21548126	6672
1	41844U	16066D	16359.23619372	-.00000070	00000-0	00000+0	0	9994
2	41844	97.4057	3.1072	0016974	126.2169	293.7767	15.21549924	6731
1	41844U	16066D	16359.57575163	-.00000070	00000-0	00000+0	0	9990
2	41844	97.4060	3.4420	0017317	125.8054	352.9214	15.21544944	6782
1	41844U	16066D	16359.70194082	-.00000070	00000-0	00000+0	0	9992
2	41844	97.4060	3.5653	0017266	125.1887	324.3563	15.21551756	6803
1	41844U	16066D	16359.83935499	-.00000070	+00000-0	+00000-0	0	9992
2	41844	097.4059	003.7001	0017452	125.1978	356.5188	15.21545438	006820
1	41844U	16066D	16360.02980586	-.00000070	00000-0	00000+0	0	9991
2	41844	97.4060	3.8881	0017432	124.7445	319.5153	15.21545721	6850
1	41844U	16066D	16360.36271334	-.00000070	00000-0	00000+0	0	9992
2	41844	97.4059	4.2179	0017393	122.9997	343.6410	15.21547535	6906
1	41844U	16066D	16360.68860814	-.00000070	00000-0	00000+0	0	9994
2	41844	97.4062	4.5386	0017726	122.7425	327.8882	15.21548549	6955
1	41844U	16066D	16360.88480465	-.00000070	+00000-0	+00000-0	0	9997
2	41844	097.4058	004.7311	0017574	122.1966	322.4375	15.21549237	006981
1	41844U	16066D	16361.07970693	-.00000070	00000-0	00000+0	0	9995
2	41844	97.4060	4.9239	0017527	121.5337	310.0176	15.21549834	7018
1	41844U	16066D	16361.34942916	-.00000070	00000-0	00000+0	0	9992
2	41844	97.4062	5.1905	0017358	119.0576	348.9779	15.21550635	7056
1	41844U	16066D	16361.67016282	-.00000070	00000-0	00000+0	0	9996
2	41844	97.4053	5.5024	0017493	118.2192	305.5578	15.21551916	7102
1	41844U	16066D	16361.81289644	-.00000070	00000-0	00000+0	0	9996
2	41844	97.4053	5.6417	0017981	121.8170	3.3231	15.21552817	7129
1	41844U	16066D	16362.12657001	-.00000070	00000-0	00000+0	0	9997
2	41844	97.4050	5.9509	0017764	120.8286	281.3950	15.21553568	7172
1	41844U	16066D	16362.53463237	-.00000070	00000-0	00000+0	0	9998
2	41844	97.4056	6.3519	0018042	118.7176	357.2844	15.21554299	7232
1	41844U	16066D	16362.60591571	-.00000070	00000-0	00000+0	0	9999
2	41844	97.4046	6.4232	0017953	117.6048	28.6536	15.21562363	7249
1	41844U	16066D	16362.79227332	-.00000070	00000-0	00000+0	0	9990
2	41844	97.4060	6.6051	0017839	116.9494	329.4145	15.21555365	7271
1	41844U	16066D	16363.05518216	-.00000070	00000-0	00000+0	0	9994
2	41844	97.4056	6.8639	0017651	116.2675	329.2906	15.21555892	7319
1	41844U	16066D	16363.53027975	-.00000070	00000-0	00000+0	0	9994
2	41844	97.4053	7.3325	0017884	114.4699	51.8345	15.21557097	7389
1	41844U	16066D	16363.59492242	-.00000070	00000-0	00000+0	0	9993
2	41844	97.4052	7.3959	0017882	113.7959	46.3715	15.21557272	7396
1	41844U	16066D	16363.65813009	-.00000070	00000-0	00000+0	0	9998
2	41844	97.4050	7.4584	0017969	113.4518	32.7588	15.21562724	7400
1	41844U	16066D	16363.78472487	-.00000070	00000-0	00000+0	0	9993
2	41844	97.4056	7.5826	0017819	112.8201	6.3885	15.21563212	7424
1	41844U	16066D	16363.91153881	-.00000070	00000-0	00000+0	0	9992
2	41844	97.4056	7.7067	0017868	112.8754	340.5328	15.21564144	7442
1	41844U	16066D	16364.17105536	-.00000070	00000-0	00000+0	0	9995
2	41844	97.4060	7.9626	0017748	111.2929	322.7216	15.21560072	7482
1	41844U	16066D	16364.51543623	-.00000070	00000-0	00000+0	0	9996
2	41844	97.4064	8.3020	0017901	110.0345	49.1644	15.21560494	7538
1	41844U	16066D	16364.83763054	-.00000070	00000-0	00000+0	0	9993
2	41844	97.4060	8.6183	0018058	108.9013	14.0360	15.21561279	7582
1	41844U	16066D	16365.09397017	-.00000070	00000-0	00000+0	0	9994
2	41844	97.4059	8.8705	0017915	107.5314	338.6429	15.21562056	7622
1	41844U	16066D	16365.50065882	-.00000070	00000-0	00000+0	0	9992
2	41844	97.4056	9.2703	0018040	106.1229	46.3192	15.21562430	7684
1	41844U	16066D	16365.68668215	-.00000070	00000-0	00000+0	0	9990
2	41844	97.4056	9.4536	0018373	106.3285	344.4449	15.21563256	7711
1	41844U	16066D	16365.82432961	-.00000070	00000-0	00000+0	0	9993
2	41844	97.4054	9.5882	0018069	106.6273	17.6865	15.21569294	7737
1	41844U	16066D	16366.08065295	-.00000070	00000-0	00000+0	0	9994
2	41844	97.4053	9.8403	0018169	105.4226	342.0138	15.21564726	7771
1	41844U	16066D	16366.20952072	-.00000070	00000-0	00000+0	0	9996
2	41844	97.4053	9.9677	0018135	104.8481	328.0285	15.21564902	7799
1	41844U	16066D	16366.27940831	-.00000070	00000-0	00000+0	0	9993
2	41844	97.4053	10.0367	0018134	104.6107	350.8407	15.21564977	7803
1	41844U	16066D	16366.41782573	-.00000070	00000-0	00000+0	0	9996
2	41844	97.4052	10.1728	0018214	103.8776	29.2915	15.21565194	7821
1	41844U	16066D	16366.87755941	-.00000070	00000-0	00000+0	0	9995
2	41844	97.4056	10.6246	0018404	103.9898	25.8519	15.21566958	7890
1	41844U	16066D	16366.93547898	-.00000070	00000-0	00000+0	0	9992
2	41844	97.4053	10.6819	0018224	104.1403	342.7660	15.21567337	7900
1	41844U	16066D	17001.00057939	-.00000070	00000-0	00000+0	0	9999
2	41844	97.4050	10.7457	0018148	104.4001	338.9419	15.21567598	7917
1	41844U	16066D	17001.20768948	-.00000070	00000-0	00000+0	0	9990
2	41844	97.4049	10.9498	0018151	103.8426	33.2530	15.21567960	7945
1	41844U	16066D	17001.54053600	-.00000070	00000-0	00000+0	0	9999
2	41844	97.4045	11.2767	0018120	102.1865	56.9612	15.21568405	7992
1	41844U	16066D	17001.85971044	-.00000070	00000-0	00000+0	0	9994
2	41844	97.4047	11.5905	0017981	100.8151	5.5472	15.21569204	8047
1	41844U	16066D	17001.92362767	-.00000070	00000-0	00000+0	0	9998
2	41844	97.4047	11.6533	0017961	100.5509	355.7050	15.21569343	8054
1	41844U	16066D	17001.98857235	-.00000070	00000-0	00000+0	0	9993
2	41844	97.4048	11.7170	0017901	100.2534	351.5218	15.21569619	8069
1	41844U	16066D	17002.05369993	-.00000070	00000-0	00000+0	0	9991
2	41844	97.4047	11.7811	0017887	100.0135	348.2817	15.21569828	8079
1	41844U	16066D	17002.19324807	-.00000070	00000-0	00000+0	0	9991
2	41844	97.4050	11.9191	0017725	98.4713	33.7437	15.21572055	8091
1	41844U	16066D	17002.45115727	-.00000070	00000-0	00000+0	0	9999
2	41844	97.4050	12.1728	0017986	98.7971	5.2466	15.21570353	8138
1	41844U	16066D	17002.78267539	-.00000070	00000-0	00000+0	0	9994
2	41844	97.4052	12.4992	0017912	97.7892	21.0410	15.21570929	8185
1	41844U	16066D	17003.10534111	-.00000070	00000-0	00000+0	0	9994
2	41844	97.4048	12.8172	0017727	95.2381	349.9174	15.21571778	8232
1	41844U	16066D	17003.57112587	-.00000070	00000-0	00000+0	0	9994
2	41844	97.4050	13.2757	0017799	93.4042	21.5359	15.21572355	8300
1	41844U	16066D	17003.83554576	-.00000070	00000-0	00000+0	0	9991
2	41844	97.4050	13.5358	0017799	92.4781	29.9378	15.21572355	8346
1	41844U	16066D	17004.21938865	-.00000070	00000-0	00000+0	0	9991
2	41844	97.4054	13.9153	0017631	90.6483	332.9974	15.21573425	8406
1	41844U	16066D	17004.55741098	-.00000070	00000-0	00000+0	0	9998
2	41844	97.4054	14.2479	0017631	89.4644	24.5696	15.21573425	8456
1	41844U	16066D	17004.88669163	-.00000070	00000-0	00000+0	0	9996
2	41844	97.4057	14.5723	0017912	89.3951	27.2012	15.21574764	8501
1	41844U	16066D	17005.07820904	-.00000070	00000-0	00000+0	0	9990
2	41844	97.4052	14.7605	0017878	88.7978	356.2121	15.21576136	8534
1	41844U	16066D	17005.54114944	-.00000070	00000-0	00000+0	0	9992
2	41844	97.4052	15.2163	0018052	87.4813	11.7509	15.21576665	8606
1	41844U	16066D	17005.86950823	-.00000070	00000-0	00000+0	0	9991
2	41844	97.4052	15.5385	0017866	87.6255	9.1257	15.21578220	8654
1	41844U	16066D	17006.20447073	-.00000070	00000-0	00000+0	0	9998
2	41844	97.4051	15.8680	0017841	86.6876	43.7168	15.21578840	8704
1	41844U	16066D	17006.53059914	-.00000070	00000-0	00000+0	0	9997
2	41844	97.4055	16.1891	0017966	85.6320	30.0661	15.21579325	8758
1	41844U	16066D	17006.66565050	-.00000070	+00000-0	+00000-0	0	9995
2	41844	097.4055	016.3216	0017960	085.2640	049.7327	15.21579505	008774
1	41844U	16066D	17006.96986600	.00001850	00000-0	81756-4	0	9993
2	41844	97.4069	16.6169	0017994	84.2273	276.1534	15.21590346	8825
1	41844U	16066D	17006.98511965	-.00000070	00000-0	00000+0	0	9995
2	41844	97.4059	16.6362	0017823	84.3495	359.4926	15.21580372	8825
1	41844U	16066D	17007.17820257	-.00000070	00000-0	00000+0	0	9994
2	41844	97.4058	16.8267	0017849	83.6361	337.1812	15.21580683	8857
1	41844U	16066D	17007.51749874	-.00000070	00000-0	00000+0	0	9997
2	41844	97.4066	17.1612	0017989	82.7430	35.4518	15.21581073	8907
1	41844U	16066D	17007.77458413	-.00000070	00000-0	00000+0	0	9991
2	41844	97.4067	17.4141	0018015	81.8063	3.7281	15.21581385	8946
1	41844U	16066D	17008.03367685	-.00000070	+00000-0	+00000-0	0	9992
2	41844	097.4072	017.6703	0017780	081.0626	342.8103	15.21582431	008980
1	41844U	16066D	17008.10327124	-.00000070	00000-0	00000+0	0	9993
2	41844	97.4072	17.7388	0017780	80.8188	4.0271	15.21582431	8994
1	41844U	16066D	17008.51140030	-.00000070	00000-0	00000+0	0	9997
2	41844	97.4063	18.1374	0018094	77.7118	81.3136	15.21583174	9052
1	41844U	16066D	17008.83354258	-.00000070	00000-0	00000+0	0	9991
2	41844	97.4071	18.4547	0018118	77.2450	45.2787	15.21584664	9109
1	41844U	16066D	17009.08987624	-.00000070	00000-0	00000+0	0	9998
2	41844	97.4070	18.7073	0018129	76.4901	9.2605	15.21585043	9144
1	41844U	16066D	17009.49659899	-.00000070	00000-0	00000+0	0	9993
2	41844	97.4060	19.1080	0018468	76.9403	75.3124	15.21586055	9205
1	41844U	16066D	17009.87139539	-.00000070	00000-0	00000+0	0	9999
2	41844	97.4059	19.4759	0018427	74.5300	329.4581	15.21587902	9262
1	41844U	16066D	17010.13870755	-.00000070	00000-0	00000+0	0	9992
2	41844	97.4050	19.7387	0018410	73.0987	354.2266	15.21589215	9300
1	41844U	16066D	17010.48426603	-.00000070	00000-0	00000+0	0	9999
2	41844	97.4049	20.0799	0018611	72.6661	86.3310	15.21589688	9359
1	41844U	16066D	17010.87143612	-.00000070	00000-0	00000+0	0	9998
2	41844	97.4049	20.4597	0018481	71.3564	47.1091	15.21590577	9419
1	41844U	16066D	17011.06241785	-.00000070	00000-0	00000+0	0	9990
2	41844	97.4048	20.6462	0018220	70.6397	13.3104	15.21591296	9440
1	41844U	16066D	17011.52866118	-.00000070	00000-0	00000+0	0	9994
2	41844	97.4044	21.1055	0018483	70.3023	45.9820	15.21592066	9514
1	41844U	16066D	17011.85813924	-.00000070	00000-0	00000+0	0	9997
2	41844	97.4046	21.4281	0017991	68.1623	51.7705	15.21593127	9565
1	41844U	16066D	17012.17784933	-.00000070	00000-0	00000+0	0	9990
2	41844	97.4040	21.7434	0017730	67.8018	2.3119	15.21594042	9611
1	41844U	16066D	17012.31930928	-.00000070	00000-0	00000+0	0	9993
2	41844	97.4043	21.8827	0017920	67.3495	57.1541	15.21594434	9630
1	41844U	16066D	17012.62543731	.00001249	00000-0	55170-4	0	9990
2	41844	97.4066	22.1812	0017901	66.2530	294.1090	15.21603147	9689
1	41844U	16066D	17012.84501249	-.00000070	00000-0	00000+0	0	9991
2	41844	97.4047	22.4003	0017696	66.2184	56.1257	15.21595493	9718
1	41844U	16066D	17013.10142491	-.00000070	00000-0	00000+0	0	9991
2	41844	97.4044	22.6527	0017870	63.7691	22.2397	15.21596097	9751
1	41844U	16066D	17013.50784690	-.00000070	00000-0	00000+0	0	9998
2	41844	97.4049	23.0544	0018199	63.2488	87.6279	15.21597144	9819
1	41844U	16066D	17013.83149397	-.00000070	00000-0	00000+0	0	9993
2	41844	97.4049	23.3724	0018137	61.9792	60.6305	15.21597858	9865
1	41844U	16066D	17014.01680465	-.00000070	+00000-0	+00000-0	0	9991
2	41844	097.4049	023.5547	0018137	061.3301	355.7162	15.21597858	009892
1	41844U	16066D	17014.14973253	-.00000070	00000-0	00000+0	0	9994
2	41844	97.4046	23.6856	0018041	60.8792	3.8566	15.21598654	9912
1	41844U	16066D	17014.49441639	-.00000070	00000-0	00000+0	0	9990
2	41844	97.4045	24.0246	0018226	60.3662	91.2640	15.21599133	9967
1	41844U	16066D	17014.87060199	-.00000070	00000-0	00000+0	0	9990
2	41844	97.4048	24.3944	0018101	59.3622	351.6152	15.21599928	10026
1	41844U	16066D	17015.13568816	-.00000070	00000-0	00000+0	0	9999
2	41844	97.4048	24.6552	0018101	58.4337	3.6930	15.21599928	10069
1	41844U	16066D	17015.53988074	-.00000070	00000-0	00000+0	0	9995
2	41844	97.4049	25.0526	0018013	57.6839	57.1108	15.21600873	10126
1	41844U	16066D	17015.86963163	-.00000070	00000-0	00000+0	0	9993
2	41844	97.4047	25.3768	0018042	56.6542	63.2881	15.21601218	10172
1	41844U	16066D	17016.18730976	-.00000070	00000-0	00000+0	0	9993
2	41844	97.4050	25.6897	0017901	54.9448	4.0627	15.21602318	10220
1	41844U	16066D	17016.52662843	-.00000070	00000-0	00000+0	0	9998
2	41844	97.4052	26.0235	0017882	54.8546	61.6812	15.21602645	10272
1	41844U	16066D	17016.85610249	-.00000070	00000-0	00000+0	0	9997
2	41844	97.4052	26.3478	0017774	52.9734	67.1962	15.21603210	10324
1	41844U	16066D	17017.17572144	-.00000070	00000-0	00000+0	0	9994
2	41844	97.4047	26.6625	0017648	51.6830	18.1726	15.21603747	10372
1	41844U	16066D	17017.52155443	-.00000070	00000-0	00000+0	0	9992
2	41844	97.4051	27.0026	0017780	51.0721	111.9744	15.21604277	10424
1	41844U	16066D	17017.84289617	-.00000070	00000-0	00000+0	0	9998
2	41844	97.4053	27.3184	0017721	49.4803	72.6850	15.21604849	10472
1	41844U	16066D	17018.09941500	-.00000070	00000-0	00000+0	0	9992
2	41844	97.4050	27.5712	0017791	48.2693	38.1534	15.21605221	10515
1	41844U	16066D	17018.50576231	-.00000070	00000-0	00000+0	0	9993
2	41844	97.4052	27.9718	0017865	46.9267	103.9640	15.21606050	10577
1	41844U	16066D	17018.82949338	-.00000070	00000-0	00000+0	0	9990
2	41844	97.4052	28.2897	0017810	45.3986	77.6940	15.21606668	10621
1	41844U	16066D	17019.14651319	-.00000070	00000-0	00000+0	0	9995
2	41844	97.4050	28.6011	0017596	43.7749	14.7821	15.21607362	10678
1	41844U	16066D	17019.49361708	-.00000070	00000-0	00000+0	0	9993
2	41844	97.4053	28.9431	0017901	42.9204	115.7886	15.21607968	10728
1	41844U	16066D	17019.80898145	-.00000070	00000-0	00000+0	0	9998
2	41844	97.4054	29.2526	0017902	41.4697	43.6408	15.21608553	10774
1	41844U	16066D	17020.19924479	-.00000070	00000-0	00000+0	0	9992
2	41844	97.4054	29.6371	0017862	40.2539	21.2768	15.21609119	10830
1	41844U	16066D	17020.53786800	-.00000070	00000-0	00000+0	0	9994
2	41844	97.4054	29.9703	0017827	39.4670	75.7916	15.21609493	10888
1	41844U	16066D	17020.86749023	-.00000070	00000-0	00000+0	0	9996
2	41844	97.4052	30.2930	0017710	38.3868	81.3321	15.21610321	10932
1	41844U	16066D	17021.12421397	-.00000070	00000-0	00000+0	0	9997
2	41844	97.4055	30.5459	0017299	37.2028	47.9133	15.21611295	10976
1	41844U	16066D	17021.52449462	-.00000070	00000-0	00000+0	0	9994
2	41844	97.4057	30.9404	0017382	36.3881	79.9881	15.21611656	11036
1	41844U	16066D	17021.85400758	-.00000070	00000-0	00000+0	0	9995
2	41844	97.4063	31.2646	0017239	35.6055	84.6305	15.21612155	11085
1	41844U	16066D	17022.17396131	-.00000070	00000-0	00000+0	0	9990
2	41844	97.4058	31.5801	0017026	35.0040	36.7653	15.21612823	11139
1	41844U	16066D	17022.51921913	-.00000070	00000-0	00000+0	0	9990
2	41844	97.4070	31.9216	0017227	34.6185	127.2070	15.21613533	11188
1	41844U	16066D	17022.76257120	-.00000070	00000-0	00000+0	0	9999
2	41844	97.4071	32.1606	0017211	34.0749	19.9449	15.21614184	11223
1	41844U	16066D	17023.09725350	-.00000070	00000-0	00000+0	0	9991
2	41844	97.4067	32.4902	0017081	33.1300	53.0557	15.21615026	11278
1	41844U	16066D	17023.50507843	-.00000070	00000-0	00000+0	0	9992
2	41844	97.4068	32.8926	0017223	34.1863	124.5851	15.21616423	11332
1	41844U	16066D	17023.81497943	-.00000070	00000-0	00000+0	0	9995
2	41844	97.4066	33.1974	0017222	31.8972	23.3788	15.21617274	11386
1	41844U	16066D	17024.08349868	-.00000070	00000-0	00000+0	0	9997
2	41844	97.4059	33.4616	0017273	29.9741	55.2755	15.21618411	11429
1	41844U	16066D	17024.49233858	-.00000070	00000-0	00000+0	0	9993
2	41844	97.4058	33.8629	0017563	28.6720	134.7088	15.21619187	11480
1	41844U	16066D	17024.81420315	-.00000070	00000-0	00000+0	0	9995
2	41844	97.4060	34.1788	0017539	26.5518	98.8396	15.21620580	11535
1	41844U	16066D	17025.53578898	-.00000070	00000-0	00000+0	0	9995
2	41844	97.4056	34.8890	0017585	23.1218	92.4891	15.21622153	11642
1	41844U	16066D	17025.86539668	-.00000070	00000-0	00000+0	0	9993
2	41844	97.4013	35.2002	0016678	20.6457	99.3775	15.21623899	11694
1	41844U	16066D	17026.11386700	-.00000070	00000-0	00000+0	0	9999
2	41844	97.4010	35.4450	0016472	19.6175	20.6262	15.21624541	11735
1	41844U	16066D	17026.32710194	-.00000070	00000-0	00000+0	0	9990
2	41844	97.4014	35.6552	0016981	19.0567	108.5118	15.21625157	11761
1	41844U	16066D	17026.63264154	.00002170	00000-0	95816-4	0	9990
2	41844	97.4069	35.9646	0016908	20.5722	339.6706	15.21634808	11816
1	41844U	16066D	17026.90385817	-.00000070	+00000-0	+00000-0	0	9995
2	41844	097.4030	036.2255	0015948	019.1487	025.8186	15.21626877	011856
1	41844U	16066D	17027.10849406	-.00000070	00000-0	00000+0	0	9996
2	41844	97.4050	36.4355	0016738	19.1978	66.0408	15.21632604	11886
1	41844U	16066D	17027.58093920	-.00000070	00000-0	00000+0	0	9990
2	41844	97.4045	36.8970	0016413	16.9766	134.6092	15.21633151	11954
1	41844U	16066D	17027.76311692	-.00000070	00000-0	00000+0	0	9999
2	41844	97.4057	37.0801	0016714	17.1680	51.7341	15.21636111	11983
1	41844U	16066D	17027.83851943	-.00000070	00000-0	00000+0	0	9995
2	41844	97.4083	37.1562	0014991	15.4264	106.2811	15.21637511	11995
1	41844U	16066D	17027.90030639	-.00000070	00000-0	00000+0	0	9994
2	41844	97.4058	37.2152	0016741	17.0008	82.9338	15.21637225	12001
1	41844U	16066D	17028.09520168	-.00000070	00000-0	00000+0	0	9996
2	41844	97.4049	37.4043	0016363	15.3539	71.5133	15.21635724	12034
1	41844U	16066D	17028.22216527	-.00000070	00000-0	00000+0	0	9992
2	41844	97.4051	37.5254	0014788	14.2518	47.6585	15.21631167	12050
1	41844U	16066D	17028.56089475	-.00000070	00000-0	00000+0	0	9999
2	41844	97.4061	37.8601	0015072	13.5465	102.6994	15.21631864	12106
1	41844U	16066D	17028.88994309	-.00000070	00000-0	00000+0	0	9995
2	41844	97.4059	38.1837	0015410	12.0711	105.5130	15.21632584	12151
1	41844U	16066D	17029.08128678	-.00000070	00000-0	00000+0	0	9996
2	41844	97.4059	38.3720	0015410	11.4009	73.6699	15.21632584	12185
1	41844U	16066D	17029.54703653	-.00000070	00000-0	00000+0	0	9999
2	41844	97.4056	38.8307	0015726	9.9547	104.8161	15.21633809	12257
1	41844U	16066D	17029.87642456	-.00000070	00000-0	00000+0	0	9998
2	41844	97.4056	39.1548	0015726	8.8009	109.1641	15.21633809	12306
1	41844U	16066D	17029.93149495	-.00000070	00000-0	00000+0	0	9990
2	41844	97.4059	39.2151	0015326	9.4265	50.0670	15.21640194	12319
1	41844U	16066D	17030.12559688	-.00000070	00000-0	00000+0	0	9992
2	41844	97.4066	39.4059	0014905	9.2130	32.8834	15.21641705	12349
1	41844U	16066D	17030.79841698	-.00000070	00000-0	00000+0	0	9990
2	41844	97.4062	40.0678	0015020	6.7234	118.6665	15.21642216	12440
1	41844U	16066D	17030.91837288	-.00000070	+00000-0	+00000-0	0	9995
2	41844	097.4053	040.1810	0015960	004.1447	057.8923	15.21637736	012464
1	41844U	16066D	17031.05414508	-.00000070	00000-0	00000+0	0	9996
2	41844	97.4051	40.3190	0016348	5.7997	79.5462	15.21643810	12484
1	41844U	16066D	17031.24616061	-.00000070	00000-0	00000+0	0	9995
2	41844	97.4050	40.5041	0015969	2.7234	53.7598	15.21638345	12514
1	41844U	16066D	17031.52044512	-.00000070	00000-0	00000+0	0	9992
2	41844	97.4058	40.7756	0015778	3.3179	114.7225	15.21639238	12551
1	41844U	16066D	17031.59196495	-.00000070	00000-0	00000+0	0	9997
2	41844	97.4057	40.8491	0015840	3.6760	145.8967	15.21639671	12566
1	41844U	16066D	17031.90490672	-.00000070	00000-0	00000+0	0	9996
2	41844	97.4056	41.1561	0016494	3.0061	59.7660	15.21644569	12612
1	41844U	16066D	17031.96933612	-.00000070	00000-0	00000+0	0	9998
2	41844	97.4058	41.2218	0015648	4.8351	50.6646	15.21645067	12624
1	41844U	16066D	17032.10679670	-.00000070	00000-0	00000+0	0	9996
2	41844	97.4058	41.3575	0015335	4.3951	83.6323	15.21646699	12647
1	41844U	16066D	17032.37403541	-.00000070	00000-0	00000+0	0	9997
2	41844	97.4056	41.6157	0015168	0.2762	110.6969	15.21641819	12683
1	41844U	16066D	17033.43086569	-.00000070	00000-0	00000+0	0	9992
2	41844	97.4057	42.6597	0014969	358.4342	138.0986	15.21644339	12844
1	41844U	16066D	17033.75032377	-.00000070	00000-0	00000+0	0	9995
2	41844	97.4058	42.9738	0014768	358.1206	87.2704	15.21644953	12898
1	41844U	16066D	17033.94359084	-.00000070	+00000-0	+00000-0	0	9994
2	41844	097.4058	043.1640	0014768	357.4437	065.9719	15.21644953	012924
1	41844U	16066D	17034.41244139	-.00000070	00000-0	00000+0	0	9990
2	41844	97.4063	43.6238	0014194	355.6870	114.4464	15.21646848	12991
1	41844U	16066D	17034.73690549	-.00000070	00000-0	00000+0	0	9995
2	41844	97.4059	43.9422	0014118	354.8406	91.5583	15.21647484	13047
1	41844U	16066D	17035.06528303	-.00000070	00000-0	00000+0	0	9990
2	41844	97.4062	44.2656	0013819	353.6908	90.3975	15.21648099	13095
1	41844U	16066D	17035.39800770	-.00000070	00000-0	00000+0	0	9997
2	41844	97.4055	44.5957	0014938	353.4253	112.1524	15.21649814	13143
1	41844U	16066D	17035.72349459	-.00000070	00000-0	00000+0	0	9996
2	41844	97.4053	44.9156	0015114	352.1173	95.3259	15.21650484	13197
1	41844U	16066D	17035.92073451	-.00000070	+00000-0	+00000-0	0	9995
2	41844	097.4056	045.1099	0015231	350.4007	096.8282	15.21651229	013220
1	41844U	16066D	17036.05187801	-.00000070	00000-0	00000+0	0	9994
2	41844	97.4052	45.2391	0015162	349.2898	95.8836	15.21651766	13241
1	41844U	16066D	17036.78109061	-.00000070	00000-0	00000+0	0	9996
2	41844	97.4053	45.9569	0015685	345.9031	131.3335	15.21654034	13351
1	41844U	16066D	17036.96109456	-.00000070	+00000-0	+00000-0	0	9995
2	41844	097.4058	046.1346	0015593	345.1377	037.5302	15.21654596	013382
1	41844U	16066D	17037.44143382	-.00000070	00000-0	00000+0	0	9994
2	41844	97.4053	46.6075	0015895	343.9503	148.3243	15.21655890	13454
1	41844U	16066D	17037.95376325	-.00000070	+00000-0	+00000-0	0	9996
2	41844	097.4057	047.1113	0015720	340.7982	076.2312	15.21657656	013537
1	41844U	16066D	17038.08283432	-.00000070	00000-0	00000+0	0	9996
2	41844	97.4051	47.2385	0015629	339.9266	63.7044	15.21658168	13550
1	41844U	16066D	17038.35767463	-.00000070	00000-0	00000+0	0	9997
2	41844	97.4051	47.5095	0015855	339.5450	128.6951	15.21658784	13599
1	41844U	16066D	17038.74820459	-.00000070	00000-0	00000+0	0	9995
2	41844	97.4055	47.8910	0015837	337.7433	108.4573	15.21659937	13657
1	41844U	16066D	17038.94030193	-.00000070	+00000-0	+00000-0	0	9996
2	41844	097.4058	048.0787	0015690	336.6317	081.2160	15.21660937	013686
1	41844U	16066D	17039.48489273	-.00000070	00000-0	00000+0	0	9992
2	41844	97.4055	48.6142	0015925	336.0849	183.1236	15.21662190	13767
1	41844U	16066D	17039.80738689	-.00000070	00000-0	00000+0	0	9996
2	41844	97.4049	48.9278	0015859	334.3222	150.3932	15.21663418	13814
1	41844U	16066D	17040.12897995	-.00000070	00000-0	00000+0	0	9999
2	41844	97.4052	49.2444	0015799	332.3772	112.9046	15.21664040	13865
1	41844U	16066D	17040.33351063	-.00000070	00000-0	00000+0	0	9993
2	41844	97.4050	49.4462	0015693	331.9484	153.0439	15.21664781	13890
1	41844U	16066D	17040.85865949	-.00000070	00000-0	00000+0	0	9993
2	41844	97.4053	49.9623	0015517	329.1817	150.7530	15.21666139	13975
1	41844U	16066D	17041.17848561	-.00000070	00000-0	00000+0	0	9990
2	41844	97.4046	50.2773	0015766	328.1800	102.6491	15.21667095	14026
1	41844U	16066D	17041.45290568	-.00000070	00000-0	00000+0	0	9999
2	41844	97.4050	50.5471	0015541	328.5117	164.6400	15.21667809	14060
1	41844U	16066D	17041.78840155	-.00000070	00000-0	00000+0	0	9998
2	41844	97.4057	50.8790	0015111	326.9354	202.9067	15.21668779	14110
1	41844U	16066D	17042.10199082	-.00000070	00000-0	00000+0	0	9991
2	41844	97.4058	51.1884	0014985	325.3380	121.2581	15.21669384	14161
1	41844U	16066D	17042.50983978	-.00000070	00000-0	00000+0	0	9990
2	41844	97.4062	51.5905	0014782	324.0178	195.3611	15.21670070	14227
1	41844U	16066D	17042.83199252	-.00000070	00000-0	00000+0	0	9990
2	41844	97.4058	51.9069	0015186	321.8925	161.1262	15.21671187	14279
1	41844U	16066D	17043.08818856	-.00000070	00000-0	00000+0	0	9996
2	41844	97.4053	52.1593	0015277	320.5444	125.0273	15.21671613	14312
1	41844U	16066D	17043.49614877	-.00000070	00000-0	00000+0	0	9998
2	41844	97.4052	52.5608	0015143	320.1735	198.7901	15.21672225	14374
1	41844U	16066D	17043.88327844	-.00000070	00000-0	00000+0	0	9996
2	41844	97.4049	52.9415	0014960	317.1539	161.1778	15.21673553	14432
1	41844U	16066D	17044.20167167	-.00000070	00000-0	00000+0	0	9993
2	41844	97.4043	53.2552	0015017	315.7573	105.6327	15.21674293	14488
1	41844U	16066D	17044.54037686	-.00000070	00000-0	00000+0	0	9992
2	41844	97.4045	53.5889	0014995	315.5989	160.0453	15.21674748	14535
1	41844U	16066D	17044.86995580	-.00000070	00000-0	00000+0	0	9993
2	41844	97.4048	53.9130	0014986	314.6799	165.2603	15.21675380	14582
1	41844U	16066D	17045.20062156	-.00000070	00000-0	00000+0	0	9996
2	41844	97.4045	54.2384	0015122	313.7390	176.4445	15.21675955	14636
1	41844U	16066D	17045.52696352	-.00000070	00000-0	00000+0	0	9992
2	41844	97.4050	54.5601	0014822	313.1235	163.6376	15.21676491	14687
1	41844U	16066D	17045.91166641	-.00000070	00000-0	00000+0	0	9998
2	41844	97.4053	54.9386	0015107	311.7338	111.1031	15.21677339	14744
1	41844U	16066D	17046.18653251	-.00000070	00000-0	00000+0	0	9996
2	41844	97.4049	55.2094	0015124	310.1863	177.4211	15.21677858	14789
1	41844U	16066D	17046.26681713	-.00000070	00000-0	00000+0	0	9999
2	41844	97.4047	55.2851	0014648	308.8123	258.3233	15.21678075	14797
1	41844U	16066D	17046.38093988	-.00000070	00000-0	00000+0	0	9993
2	41844	97.4053	55.3995	0014889	309.7774	162.1245	15.21678133	14816
1	41844U	16066D	17046.77625094	-.00000070	00000-0	00000+0	0	9995
2	41844	97.4058	55.7890	0014949	308.7999	167.2527	15.21678595	14871
1	41844U	16066D	17046.95770527	-.00000070	+00000-0	+00000-0	0	9998
2	41844	097.4062	055.9678	0014986	308.1013	081.3359	15.21679062	014907
1	41844U	16066D	17047.03348699	-.00000070	00000-0	00000+0	0	9998
2	41844	97.4062	56.0424	0014996	307.8667	136.4420	15.21679175	14917
1	41844U	16066D	17047.43798363	-.00000070	00000-0	00000+0	0	9999
2	41844	97.4059	56.4420	0014838	306.9283	191.8221	15.21679830	14970
1	41844U	16066D	17047.75010153	-.00000070	00000-0	00000+0	0	9998
2	41844	97.4065	56.7490	0014761	305.9547	101.5091	15.21680533	15026
1	41844U	16066D	17047.94920032	-.00000070	+00000-0	+00000-0	0	9996
2	41844	097.4068	056.9449	0014749	305.4339	112.0107	15.21680917	015059
1	41844U	16066D	17048.07776311	-.00000070	00000-0	00000+0	0	9999
2	41844	97.4064	57.0717	0014777	304.8230	96.4496	15.21681286	15077
1	41844U	16066D	17048.35388971	-.00000070	00000-0	00000+0	0	9991
2	41844	97.4066	57.3438	0014765	304.1449	168.8014	15.21681700	15110
1	41844U	16066D	17048.74350102	-.00000070	00000-0	00000+0	0	9999
2	41844	97.4062	57.7272	0014644	302.7695	143.1389	15.21682673	15176
1	41844U	16066D	17049.07204343	-.00000070	00000-0	00000+0	0	9991
2	41844	97.4060	58.0501	0014790	300.2097	144.3349	15.21683592	15220
1	41844U	16066D	17049.40507264	-.00000070	00000-0	00000+0	0	9996
2	41844	97.4061	58.3784	0014720	299.1844	168.5536	15.21684055	15272
1	41844U	16066D	17049.77869213	-.00000070	00000-0	00000+0	0	9991
2	41844	97.4058	58.7454	0014730	296.0893	57.0672	15.21685004	15321
1	41844U	16066D	17049.92248333	-.00000070	+00000-0	+00000-0	0	9993
2	41844	097.4060	058.8873	0014721	295.4003	124.9550	15.21685302	015359
1	41844U	16066D	17050.05860925	-.00000070	00000-0	00000+0	0	9995
2	41844	97.4060	59.0212	0014721	294.9235	150.6615	15.21685302	15370
1	41844U	16066D	17050.39720796	-.00000070	00000-0	00000+0	0	9993
2	41844	97.4059	59.3546	0014317	292.7198	206.5596	15.21686131	15422
1	41844U	16066D	17050.71665208	-.00000070	00000-0	00000+0	0	9995
2	41844	97.4061	59.6690	0014368	291.5510	156.5548	15.21686693	15478
1	41844U	16066D	17050.91379485	-.00000070	+00000-0	+00000-0	0	9997
2	41844	097.4064	059.8632	0014494	290.4514	156.9334	15.21687249	015500
1	41844U	16066D	17051.04484809	-.00000070	00000-0	00000+0	0	9998
2	41844	97.4063	59.9923	0014514	289.5904	155.2598	15.21687591	15524
1	41844U	16066D	17051.37830280	-.00000070	00000-0	00000+0	0	9992
2	41844	97.4068	60.3212	0014525	290.1963	180.1818	15.21688376	15570
1	41844U	16066D	17051.77369306	-.00000070	00000-0	00000+0	0	9992
2	41844	97.4070	60.7099	0014343	288.2986	186.6843	15.21689122	15637
1	41844U	16066D	17051.95471635	-.00000070	+00000-0	+00000-0	0	9992
2	41844	097.4073	060.8888	0014413	287.6249	098.3917	15.21689693	015667
1	41844U	16066D	17052.03109817	-.00000070	00000-0	00000+0	0	9991
2	41844	97.4072	60.9638	0014414	287.4900	156.6891	15.21690028	15677
1	41844U	16066D	17052.43416383	-.00000070	00000-0	00000+0	0	9994
2	41844	97.4072	61.3608	0014322	286.1423	204.6624	15.21690830	15739
1	41844U	16066D	17052.74897617	-.00000070	00000-0	00000+0	0	9991
2	41844	97.4071	61.6708	0014464	285.4783	128.8157	15.21692421	15781
1	41844U	16066D	17052.94687885	-.00000070	+00000-0	+00000-0	0	9998
2	41844	097.4073	061.8653	0014867	284.2075	133.5402	15.21693614	015817
1	41844U	16066D	17053.08342347	-.00000070	00000-0	00000+0	0	9994
2	41844	97.4069	62.0000	0014919	283.9552	161.3246	15.21694150	15838
1	41844U	16066D	17053.42066139	-.00000070	00000-0	00000+0	0	9994
2	41844	97.4074	62.3322	0014808	285.3771	206.1473	15.21694944	15886
1	41844U	16066D	17053.74127681	-.00000070	00000-0	00000+0	0	9999
2	41844	97.4068	62.6488	0014786	285.2547	161.5250	15.21696051	15934
1	41844U	16066D	17053.93859046	-.00000070	+00000-0	+00000-0	0	9998
2	41844	097.4067	062.8421	0014774	284.1699	162.8323	15.21696719	015964
1	41844U	16066D	17054.06963438	-.00000070	00000-0	00000+0	0	9993
2	41844	97.4060	62.9712	0014791	283.6038	160.8180	15.21697204	15982
1	41844U	16066D	17054.40644388	-.00000070	00000-0	00000+0	0	9991
2	41844	97.4062	63.3032	0014613	282.8125	205.5186	15.21697993	16030
1	41844U	16066D	17054.72774611	-.00000070	00000-0	00000+0	0	9999
2	41844	97.4061	63.6189	0014505	280.7555	166.5961	15.21698885	16082
1	41844U	16066D	17054.92027523	-.00000070	+00000-0	+00000-0	0	9995
2	41844	097.4055	063.8099	0014778	279.3227	142.0645	15.21699830	016112
1	41844U	16066D	17055.05619441	-.00000070	00000-0	00000+0	0	9995
2	41844	97.4050	63.9436	0014753	278.7130	166.7821	15.21700067	16138
1	41844U	16066D	17055.38899782	-.00000070	00000-0	00000+0	0	9999
2	41844	97.4048	64.2708	0014530	276.6770	190.7999	15.21700777	16187
1	41844U	16066D	17055.78596242	-.00000070	00000-0	00000+0	0	9998
2	41844	97.4045	64.6619	0014794	275.1849	205.5355	15.21701863	16247
1	41844U	16066D	17055.91142595	-.00000070	+00000-0	+00000-0	0	9992
2	41844	097.4048	064.7855	0014878	274.1805	173.4147	15.21702465	016260
1	41844U	16066D	17056.04242973	-.00000070	00000-0	00000+0	0	9997
2	41844	97.4047	64.9144	0014806	273.4132	171.3837	15.21702853	16284
1	41844U	16066D	17056.37599388	-.00000070	00000-0	00000+0	0	9998
2	41844	97.4045	65.2440	0014591	272.2816	198.6670	15.21703844	16336
1	41844U	16066D	17056.70085446	-.00000070	00000-0	00000+0	0	9990
2	41844	97.4046	65.5627	0014429	269.6820	179.7789	15.21704970	16389
1	41844U	16066D	17056.95799762	+.00001482	+00000-0	+68387-4	0	9994
2	41844	097.4059	065.8136	0014557	270.6215	146.6607	15.21717298	016427
1	41844U	16066D	17057.02868079	.00001498	00000-0	69091-4	0	9991
2	41844	97.4059	65.8832	0014569	270.3889	173.8615	15.21717641	16431
1	41844U	16066D	17057.43217101	.00001536	00000-0	70750-4	0	9997
2	41844	97.4058	66.2807	0014564	268.7671	224.4673	15.21719317	16497
1	41844U	16066D	17057.75487729	.00001581	00000-0	72727-4	0	9993
2	41844	97.4057	66.5984	0014482	267.1673	192.7862	15.21720720	16542
1	41844U	16066D	17057.94449291	+.00001668	+00000-0	+76585-4	0	9998
2	41844	097.4057	066.7849	0014468	266.7207	151.3217	15.21721923	016570
1	41844U	16066D	17058.08096818	.00001727	00000-0	79154-4	0	9998
2	41844	97.4056	66.9195	0014496	266.1263	179.0787	15.21722798	16594
1	41844U	16066D	17058.41426108	.00001773	00000-0	81181-4	0	9998
2	41844	97.4054	67.2477	0014503	264.8471	205.0380	15.21724321	16643
1	41844U	16066D	17058.73875681	.00001737	00000-0	79607-4	0	9997
2	41844	97.4053	67.5672	0014469	263.4565	182.9443	15.21725131	16690
1	41844U	16066D	17059.06716753	.00001819	00000-0	83228-4	0	9993
2	41844	97.4054	67.8908	0014426	261.9878	182.3686	15.21726838	16743
1	41844U	16066D	17059.40500291	.00001800	00000-0	82387-4	0	9994
2	41844	97.4055	68.2233	0014453	260.7424	233.1647	15.21727925	16799
1	41844U	16066D	17059.72531684	.00001698	00000-0	77873-4	0	9998
2	41844	97.4054	68.5382	0014470	259.2303	188.3004	15.21728252	16842
1	41844U	16066D	17059.91781331	+.00001676	+00000-0	+76915-4	0	9997
2	41844	097.4055	068.7278	0014477	258.3509	163.0426	15.21728720	016875
1	41844U	16066D	17060.24566293	.00001621	00000-0	74476-4	0	9993
2	41844	97.4055	69.0506	0014450	257.2719	159.0045	15.21729477	16923
1	41844U	16066D	17060.52697552	.00001542	00000-0	71031-4	0	9993
2	41844	97.4055	69.3273	0014439	256.3328	260.0481	15.21729807	16968
1	41844U	16066D	17060.84576108	.00001474	00000-0	68014-4	0	9992
2	41844	97.4056	69.6410	0014458	255.3826	206.2583	15.21730356	17011
1	41844U	16066D	17061.23273209	.00001443	00000-0	66643-4	0	9994
2	41844	97.4056	70.0221	0014486	253.7274	166.4752	15.21731455	17079
1	41844U	16066D	17061.57163436	.00001453	00000-0	67071-4	0	9998
2	41844	97.4057	70.3556	0014431	252.1511	223.4536	15.21732729	17126
1	41844U	16066D	17061.89541950	.00001487	00000-0	68584-4	0	9991
2	41844	97.4060	70.6750	0014359	249.1284	199.1204	15.21733989	17176
1	41844U	16066D	17062.21942192	.00001494	00000-0	68874-4	0	9991
2	41844	97.4060	70.9940	0014401	247.9580	174.1209	15.21735122	17228
1	41844U	16066D	17062.50016770	.00001570	00000-0	72213-4	0	9994
2	41844	97.4059	71.2703	0014381	247.1489	271.9449	15.21736674	17263
1	41844U	16066D	17062.88687654	.00001674	00000-0	76819-4	0	9991
2	41844	97.4059	71.6508	0014474	245.5970	230.6367	15.21738817	17329
1	41844U	16066D	17063.20638039	.00001818	00000-0	83121-4	0	9995
2	41844	97.4058	71.9655	0014554	244.5697	180.8750	15.21740963	17370
1	41844U	16066D	17063.54148076	.00001918	00000-0	87535-4	0	9993
2	41844	97.4058	72.2956	0014538	243.0552	216.9904	15.21743031	17421
1	41844U	16066D	17063.87378855	.00001996	00000-0	90957-4	0	9997
2	41844	97.4060	72.6229	0014495	241.7575	237.5988	15.21744791	17473
1	41844U	16066D	17064.20459668	.00002130	00000-0	96848-4	0	9993
2	41844	97.4061	72.9485	0014502	240.6830	249.7783	15.21747058	17525
1	41844U	16066D	17064.53086348	.00002161	00000-0	98194-4	0	9990
2	41844	97.4061	73.2698	0014525	239.3217	237.3818	15.21748675	17577
1	41844U	16066D	17064.86030186	.00002117	00000-0	96276-4	0	9995
2	41844	97.4062	73.5941	0014531	238.1008	242.2064	15.21749699	17625
1	41844U	16066D	17065.24315078	.00002171	00000-0	98657-4	0	9999
2	41844	97.4064	73.9708	0014541	236.7011	179.6275	15.21751727	17689
1	41844U	16066D	17065.52451134	.00002141	00000-0	97321-4	0	9998
2	41844	97.4065	74.2478	0014570	235.8132	280.9070	15.21752700	17720
1	41844U	16066D	17065.83957545	.00002064	00000-0	93913-4	0	9996
2	41844	97.4067	74.5580	0014597	234.6625	206.9691	15.21753451	17778
1	41844U	16066D	17066.23060198	.00002059	00000-0	93721-4	0	9991
2	41844	97.4068	74.9431	0014649	233.2062	189.2222	15.21755139	17831
1	41844U	16066D	17066.51131794	.00002012	00000-0	91637-4	0	9996
2	41844	97.4068	75.2196	0014604	232.3425	286.9521	15.21756018	17875
1	41844U	16066D	17066.82603344	.00001916	00000-0	87424-4	0	9996
2	41844	97.4069	75.5296	0014636	231.1233	211.1777	15.21756592	17925
1	41844U	16066D	17067.21720086	.00001860	00000-0	84958-4	0	9990
2	41844	97.4070	75.9150	0014617	229.7026	194.1690	15.21757826	17983
1	41844U	16066D	17067.55519626	.00001849	00000-0	84432-4	0	9997
2	41844	97.4068	76.2476	0014605	228.3551	245.9830	15.21759115	18031
1	41844U	16066D	17067.88457416	.00001779	00000-0	81372-4	0	9993
2	41844	97.4069	76.5719	0014631	226.8996	250.7233	15.21759786	18080
1	41844U	16066D	17068.07587032	.00001819	00000-0	83124-4	0	9995
2	41844	97.4068	76.7605	0014672	226.2864	218.6525	15.21760805	18113
1	41844U	16066D	17068.54161672	.00001749	00000-0	80039-4	0	9999
2	41844	97.4069	77.2190	0014695	224.3958	250.4263	15.21762028	18186
1	41844U	16066D	17068.87135597	.00001640	00000-0	75243-4	0	9993
2	41844	97.4067	77.5436	0014750	222.9435	257.1434	15.21762325	18236
1	41844U	16066D	17069.20201036	.00001646	00000-0	75517-4	0	9993
2	41844	97.4066	77.8694	0014774	221.7350	268.6323	15.21763492	18288
1	41844U	16066D	17069.52831873	.00001572	00000-0	72228-4	0	9990
2	41844	97.4065	78.1904	0014826	220.4450	256.4070	15.21763997	18330
1	41844U	16066D	17069.91279890	.00001436	00000-0	66278-4	0	9995
2	41844	97.4065	78.5688	0014901	218.8266	202.9902	15.21764174	18397
1	41844U	16066D	17070.18772216	.00001426	00000-0	65825-4	0	9992
2	41844	97.4065	78.8394	0014988	217.6758	269.3047	15.21764965	18432
1	41844U	16066D	17070.58024663	.00001342	00000-0	62133-4	0	9998
2	41844	97.4065	79.2256	0015001	216.3039	259.6864	15.21765543	18497
1	41844U	16066D	17070.90458450	.00001268	00000-0	58849-4	0	9995
2	41844	97.4065	79.5450	0015046	215.1054	236.5837	15.21765871	18543
1	41844U	16066D	17071.22807043	.00001254	00000-0	58253-4	0	9991
2	41844	97.4064	79.8636	0015068	214.0075	208.7202	15.21766722	18594
1	41844U	16066D	17071.56625213	.00001240	00000-0	57646-4	0	9995
2	41844	97.4063	80.1964	0015063	212.6891	261.5359	15.21767633	18645
1	41844U	16066D	17071.83120635	.00001191	00000-0	55458-4	0	9997
2	41844	97.4063	80.4571	0015074	211.6489	273.1614	15.21767957	18682
1	41844U	16066D	17072.21445947	.00001208	00000-0	56231-4	0	9995
2	41844	97.4060	80.8345	0015089	210.2911	212.7779	15.21769091	18742
1	41844U	16066D	17072.55259436	.00001223	00000-0	56861-4	0	9994
2	41844	97.4059	81.1672	0015144	208.6538	265.6606	15.21770132	18794
1	41844U	16066D	17072.88215604	.00001179	00000-0	54922-4	0	9995
2	41844	97.4059	81.4915	0015159	207.3885	271.2303	15.21770594	18849
1	41844U	16066D	17073.20046321	.00001227	00000-0	57042-4	0	9990
2	41844	97.4057	81.8048	0015194	206.3145	214.9965	15.21771721	18891
1	41844U	16066D	17073.86877409	+.00001118	+00000-0	+52253-4	0	9999
2	41844	097.4058	082.4626	0015224	203.8504	276.3737	15.21772521	018995
1	41844U	16066D	17074.91033727	+.00000974	+00000-0	+45931-4	0	9997
2	41844	097.4058	083.4876	0015380	200.2204	222.4295	15.21773724	019150
1	41844U	16066D	17075.83440295	+.00000814	+00000-0	+38872-4	0	9990
2	41844	097.4060	084.3973	0015476	196.7748	245.0222	15.21774490	019296
1	41844U	16066D	17076.89289535	+.00000805	+00000-0	+38487-4	0	9997
2	41844	097.4061	085.4396	0015502	192.8514	284.0738	15.21776497	019458
1	41844U	16066D	17077.87953828	+.00000871	+00000-0	+41389-4	0	9997
2	41844	097.4061	086.4109	0015533	189.3044	289.3900	15.21778833	019606
1	41844U	16066D	17078.86612333	+.00000859	+00000-0	+40850-4	0	9998
2	41844	097.4063	087.3822	0015534	185.9341	294.2141	15.21780492	019755
1	41844U	16066D	17079.90769028	+.00000786	+00000-0	+37633-4	0	9992
2	41844	097.4065	088.4077	0015654	182.4120	240.2161	15.21781804	019910
1	41844U	16066D	17080.89210789	+.00000724	+00000-0	+34904-4	0	9997
2	41844	097.4069	089.3770	0015822	178.7690	233.4599	15.21783135	020067
1	41844U	16066D	17081.82576566	+.00000790	+00000-0	+37798-4	0	9996
2	41844	097.4069	090.2969	0016068	174.8703	309.0662	15.21785374	020207
1	41844U	16066D	17082.87688868	+.00000982	+00000-0	+46237-4	0	9992
2	41844	097.4070	091.3319	0016126	171.0310	307.7377	15.21788883	020361
1	41844U	16066D	17083.86354260	+.00001245	+00000-0	+57771-4	0	9996
2	41844	097.4069	092.3035	0016279	167.7791	312.8714	15.21792967	020516
1	41844U	16066D	17084.90505542	+.00001300	+00000-0	+60181-4	0	9994
2	41844	097.4070	093.3292	0016399	164.2295	258.6590	15.21796105	020672
1	41844U	16066D	17085.89647010	+.00001311	+00000-0	+60644-4	0	9996
2	41844	097.4071	094.3055	0016620	160.6653	290.1872	15.21798915	020828
1	41844U	16066D	17086.88777873	+.00001287	+00000-0	+59603-4	0	9992
2	41844	097.4068	095.2815	0016683	157.1857	321.0575	15.21801516	020976
1	41844U	16066D	17087.86804575	+.00001728	+00000-0	+78923-4	0	9997
2	41844	097.4053	096.2469	0017000	153.7815	291.4139	15.21805292	021125
1	41844U	16066D	17088.91592471	+.00002199	+00000-0	+99596-4	0	9995
2	41844	097.4056	097.2773	0017038	150.4296	271.9086	15.21810600	021285
1	41844U	16066D	17089.90759796	+.00002080	+00000-0	+94358-4	0	9990
2	41844	097.4063	098.2537	0017363	147.7261	304.0463	15.21814542	021437
1	41844U	16066D	17090.83372894	+.00001763	+00000-0	+80445-4	0	9993
2	41844	097.4061	099.1654	0017228	143.8931	338.4739	15.21817251	021578
1	41844U	16066D	17091.87129387	+.00001946	+00000-0	+88425-4	0	9994
2	41844	097.4061	100.1873	0017351	140.5120	262.5773	15.21822463	021739
1	41844U	16066D	17092.87134353	+.00001922	+00000-0	+87389-4	0	9996
2	41844	097.4063	101.1723	0017316	137.1635	341.2572	15.21826193	021882
