1 11416U 79057A   80003.44366214  .00000727  00000-0  33454-3 0   878
2 11416  98.7309  35.7226 0013335  92.0280 268.2428 14.22474848 27074
1 11416U 79057A   80010.19623056  .00001049  00000-0  47830-3 0   891
2 11416  98.7308  42.4110 0013237  72.9891 287.2737 14.22490765 28033
1 11416U 79057A   80012.65808115  .00000898  00000-0  41063-3 0   900
2 11416  98.7297  44.8498 0013170  68.0351 292.2332 14.22498291 28385
1 11416U 79057A   80014.34619554  .00001902  00000-0  86042-3 0   919
2 11416  98.7296  46.5215 0013124  63.2054 297.0466 14.22507470 28624
1 11416U 79057A   80015.89363032  .00001874  00000-0  84766-3 0   927
2 11416  98.7274  48.0538 0012893  57.5855 302.6607 14.22513053 28840
1 11416U 79057A   80016.73768415  .00001520  00000-0  68918-3 0   935
2 11416  98.7287  48.8901 0012811  55.2328 305.0051 14.22513676 28960
1 11416U 79057A   80019.34018029  .00001082  00000-0  49280-3 0   949
2 11416  98.7284  51.4678 0012907  48.7696 311.4595 14.22517420 29336
1 11416U 79057A   80023.70110358  .00000597  00000-0  27585-3 0   968
2 11416  98.7286  55.7871 0012646  37.7085 322.4975 14.22521381 29953
1 11416U 79057A   80026.86628660  .00000557  00000-0  25821-3 0   976
2 11416  98.7291  58.9218 0012886  27.9416 332.2450 14.22523661 30406
1 11416U 79057A   80037.62783536  .00000577  00000-0  26657-3 0  1001
2 11416  98.7289  69.5793 0012466 358.5242   1.5898 14.22536074 31936
1 11416U 79057A   80038.04984817  .00000954  00000-0  43523-3 0  1014
2 11416  98.7254  69.9963 0011741 358.4729   1.6411 14.22548103 31999
1 11416U 79057A   80039.31590148  .00000076  00000-0  38498-4 0  1027
2 11416  98.7254  71.2496 0011741 354.8139   5.2906 14.22544519 32178
1 11416U 79057A   80040.30061239  .00001268  00000-0  57563-3 0  1030
2 11416  98.7265  72.2256 0012620 350.3567   9.7375 14.22545960 32314
1 11416U 79057A   80044.59110229  .00001015  00000-0  46293-3 0  1048
2 11416  98.7287  76.4731 0012001 337.7463  22.3190 14.22554003 32920
1 11416U 79057A   80048.24855820  .00000738  00000-0  33831-3 0  1053
2 11416  98.7254  80.0961 0011689 326.3835  33.6598 14.22558185 33448
1 11416U 79057A   80052.32800824  .00000788  00000-0  36076-3 0  1061
2 11416  98.7249  84.1350 0011485 314.5700  45.4540 14.22565162 34029
1 11416U 79057A   80055.35242107  .00000618  00000-0  28444-3 0  1074
2 11416  98.7248  87.1297 0011292 305.0313  54.9805 14.22567808 34457
1 11416U 79057A   80058.65816496  .00000618  00000-0  28454-3 0  1080
2 11416  98.7247  90.4022 0011251 295.1885  64.8124 14.22572015 34929
1 11416U 79057A   80063.37058503 0.00000718  00000+0  02957-4 0  1096
2 11416  98.7244  95.0672 0011432 281.6689  78.3205 14.22580147 35590
1 11416U 79057A   80063.37058503  .00000718  00000-0  02957-4 0  1095
2 11416  98.7244  95.0672 0011432 281.6689  78.3205 14.22580147 35590
1 11416U 79057A   80064.49593670 0.00000946  00000+0  03129-4 0  1106
2 11416  98.7218  96.1824 0011157 275.1230  84.8601 14.22582722 35757
1 11416U 79057A   80064.49593670  .00000946  00000-0  03129-4 0  1105
2 11416  98.7218  96.1824 0011157 275.1230  84.8601 14.22582722 35757
1 11416U 79057A   80070.33367962 0.00000691  00000+0  01728-4 0  1121
2 11416  98.7244 101.9656 0011231 255.7071 104.2863 14.22589970 36585
1 11416U 79057A   80070.33367962  .00000691  00000-0  01728-4 0  1120
2 11416  98.7244 101.9656 0011231 255.7071 104.2863 14.22589970 36585
1 11416U 79057A   80072.65469975 0.00000728  00000+0  03381-4 0  1134
2 11416  98.7259 104.2663 0011234 247.5030 112.4968 14.22593689 36918
1 11416U 79057A   80072.65469975  .00000728  00000-0  03381-4 0  1133
2 11416  98.7259 104.2663 0011234 247.5030 112.4968 14.22593689 36918
1 11416U 79057A   80078.70339532 0.00000737  00000+0  03746-4 0  1147
2 11416  98.7236 110.2497 0011424 230.6662 129.3509 14.22602749 37771
1 11416U 79057A   80078.70339532  .00000737  00000-0  03746-4 0  1146
2 11416  98.7236 110.2497 0011424 230.6662 129.3509 14.22602749 37771
1 11416U 79057A   80079.82873025 0.00000739  00000+0  03816-4 0  1152
2 11416  98.7235 111.3633 0011417 227.3659 132.6558 14.22604370 37936
1 11416U 79057A   80079.82873025  .00000739  00000-0  03816-4 0  1151
2 11416  98.7235 111.3633 0011417 227.3659 132.6558 14.22604370 37936
1 11416U 79057A   80087.70604491 0.00000788  00000+0  06021-4 0  1163
2 11416  98.7239 119.1612 0011384 203.5881 156.4774 14.22616100 39052
1 11416U 79057A   80087.70604491  .00000788  00000-0  06021-4 0  1162
2 11416  98.7239 119.1612 0011384 203.5881 156.4774 14.22616100 39052
1 11416U 79057A   80091.36333433 0.00001310  00000+0  09354-4 0  1170
2 11416  98.7207 122.7803 0012142 192.6733 167.4144 14.22627640 39577
1 11416U 79057A   80091.36333433  .00001310  00000-0  09354-4 0  1179
2 11416  98.7207 122.7803 0012142 192.6733 167.4144 14.22627640 39577
1 11416U 79057A   80092.69964661 0.00001267  00000+0  07434-4 0  1189
2 11416  98.7186 124.1025 0012171 188.0420 172.0564 14.22630882 39760
1 11416U 79057A   80092.69964661  .00001267  00000-0  07434-4 0  1188
2 11416  98.7186 124.1025 0012171 188.0420 172.0564 14.22630882 39760
1 11416U 79057A  80093.68429448 0.00001311  00000+0  09373-4 0  1193
2 11416  98.7191 125.0770 0012240 185.6317 174.4722 14.22633743 39905
1 11416U 79057A   80093.68429448  .00001311  00000-0  09373-4 0  1192
2 11416  98.7191 125.0770 0012240 185.6317 174.4722 14.22633743 39905
1 11416U 79057A   80098.88884247 0.00001150  00000+0  02222-4 0  1201
2 11416  98.7193 130.2279 0012242 170.8076 189.3328 14.22644901 40647
1 11416U 79057A   80098.88884247  .00001150  00000-0  02222-4 0  1200
2 11416  98.7193 130.2279 0012242 170.8076 189.3328 14.22644901 40647
1 11416U 79057A   80100.78778942 0.00001108  00000+0  00307-4 0  1214
2 11416  98.7193 132.1071 0012277 165.3381 194.8149 14.22648621 40919
1 11416U 79057A   80100.78778942  .00001108  00000-0  00307-4 0  1213
2 11416  98.7193 132.1071 0012277 165.3381 194.8149 14.22648621 40919
1 11416U 79057A   80107.75054056 0.00001151  00000+0  02189-4 0  1220
2 11416  98.7200 138.9985 0012534 145.3570 214.8428 14.22665119 41904
1 11416U 79057A   80107.75054056  .00001151  00000-0  02189-4 0  1229
2 11416  98.7200 138.9985 0012534 145.3570 214.8428 14.22665119 41904
1 11416U 79057A   80110.56374331 0.00001699  00000+0  06682-4 0  1234
2 11416  98.7204 141.7822 0012552 137.1694 223.0460 14.22676182 42301
1 11416U 79057A   80110.56374331  .00001699  00000-0  06682-4 0  1233
2 11416  98.7204 141.7822 0012552 137.1694 223.0460 14.22676182 42301
1 11416U 79057A   80113.23627653 0.00001226  00000+0  05553-4 0  1242
2 11416  98.7164 144.4264 0012982 130.5375 229.6927 14.22680473 42685
1 11416U 79057A   80113.23627653  .00001226  00000-0  05553-4 0  1241
2 11416  98.7164 144.4264 0012982 130.5375 229.6927 14.22680473 42685
1 11416U 79057A   80114.64286833 0.00001212  00000+0  04928-4 0  1250
2 11416  98.7138 145.8185 0013282 127.9923 232.2452 14.22683334 42880
1 11416U 79057A   80114.64286833  .00001212  00000-0  04928-4 0  1259
2 11416  98.7138 145.8185 0013282 127.9923 232.2452 14.22683334 42880
1 11416U 79057A   80121.67577863 0.00001071  00000+0  08604-4 0  1266
2 11416  98.7148 152.7790 0013347 109.7624 250.4994 14.22698402 43884
1 11416U 79057A   80121.67577863  .00001071  00000-0  08604-4 0  1265
2 11416  98.7148 152.7790 0013347 109.7624 250.4994 14.22698402 43884
1 11416U 79057A   80133.06893919 0.00001084  00000+0  09167-4 0  1286
2 11416  98.7149 164.0504 0013450  78.4215 281.8483 14.22721958 45502
1 11416U 79057A   80133.06893919  .00001084  00000-0  09167-4 0  1285
2 11416  98.7149 164.0504 0013450  78.4215 281.8483 14.22721958 45502
1 11416U 79057A   80141.64882622 0.00000975  00000+0  04299-4 0  1300
2 11416  98.7123 172.5392 0013247  55.8985 304.3448 14.22741032 46632
1 11416U 79057A   80141.64882622  .00000975  00000-0  04299-4 0  1309
2 11416  98.7123 172.5392 0013247  55.8985 304.3448 14.22741032 46632
1 11416U 79057A   80142.70372314 0.00000977  00000+0  04432-4 0  1312
2 11416  98.7126 173.5828 0013207  53.0393 307.1992 14.22743130 46781
1 11416U 79057A   80142.70372314  .00000977  00000-0  04432-4 0  1311
2 11416  98.7126 173.5828 0013207  53.0393 307.1992 14.22743130 46781
1 11416U 79057A   80148.04850312 0.00001246  00000+0  06339-4 0  1323
2 11416  98.7122 178.8705 0012881  38.5245 321.6866 14.22756958 47548
1 11416U 79057A   80148.04850312  .00001246  00000-0  06339-4 0  1322
2 11416  98.7122 178.8705 0012881  38.5245 321.6866 14.22756958 47548
1 11416U 79057A   80149.66599109 0.00001277  00000+0  07719-4 0  1334
2 11416  98.7116 180.4700 0012826  33.9684 326.2313 14.22761440 47775
1 11416U 79057A   80149.66599109  .00001277  00000-0  07719-4 0  1333
2 11416  98.7116 180.4700 0012826  33.9684 326.2313 14.22761440 47775
1 11416U 79057A   80156.69850096 0.00001056  00000+0  07875-4 0  1349
2 11416  98.7108 187.4264 0012463  14.9980 345.1559 14.22776508 48777
1 11416U 79057A   80156.69850096  .00001056  00000-0  07875-4 0  1348
2 11416  98.7108 187.4264 0012463  14.9980 345.1559 14.22776508 48777
1 11416U 79057A   80160.07408704 0.00000879  00000+0  00007-4 0  1354
2 11416  98.7113 190.7650 0012400   5.2569 354.8734 14.22780895 49256
1 11416U 79057A   80160.07408704  .00000879  00000-0  00007-4 0  1353
2 11416  98.7113 190.7650 0012400   5.2569 354.8734 14.22780895 49256
1 11416U 79057A   80162.32447264 0.00000787  00000+0  05878-4 0  1368
2 11416  98.7118 192.9908 0012302 358.8076   1.3063 14.22783375 49572
1 11416U 79057A   80162.32447264  .00000787  00000-0  05878-4 0  1367
2 11416  98.7118 192.9908 0012302 358.8076   1.3063 14.22783375 49572
1 11416U 79057A   80163.51998839 0.00000753  00000+0  04406-4 0  1379
2 11416  98.7121 194.1735 0012261 355.3692   4.7370 14.22784710 49749
1 11416U 79057A   80163.51998839  .00000753  00000-0  04406-4 0  1378
2 11416  98.7121 194.1735 0012261 355.3692   4.7370 14.22784710 49749
1 11416U 79057A   80172.24017307 0.00000619  00000+0  08405-4 0  1386
2 11416  98.7103 202.8013 0011423 329.0201  31.0303 14.22796249 50985
1 11416U 79057A   80172.24017307  .00000619  00000-0  08405-4 0  1385
2 11416  98.7103 202.8013 0011423 329.0201  31.0303 14.22796249 50985
1 11416U 79057A   80177.72540792 0.00000806  00000+0  06699-4 0  1395
2 11416  98.7105 208.2250 0011341 312.7435  47.2787 14.22806072 51765
1 11416U 79057A   80177.72540792  .00000806  00000-0  06699-4 0  1394
2 11416  98.7105 208.2250 0011341 312.7435  47.2787 14.22806072 51765
1 11416U 79057A   80184.68738534  .00000823  00000-0  37500-3 0  1405
2 11416  98.7110 215.1108 0011244 291.6129  68.3849 14.22818189 52752
1 11416U 79057A   80188.69578166 0.00000715  00000+0  02615-4 0  1415
2 11416  98.7112 219.0745 0011253 279.7692  80.2262 14.22822571 53322
1 11416U 79057A   80188.69578166  .00000715  00000-0  02615-4 0  1414
2 11416  98.7112 219.0745 0011253 279.7692  80.2262 14.22822571 53322
1 11416U 79057A   80191.36803961 0.00000647  00000+0  09647-4 0  1424
2 11416  98.7113 221.7175 0011159 271.8140  88.1760 14.22824955 53706
1 11416U 79057A   80191.36803961  .00000647  00000-0  09647-4 0  1423
2 11416  98.7113 221.7175 0011159 271.8140  88.1760 14.22824955 53706
1 11416U 79057A   80194.04029756 0.00000561  00000+0  05745-4 0  1435
2 11416  98.7114 224.3601 0011079 263.1797  96.8115 14.22826290 54089
1 11416U 79057A   80194.04029756  .00000561  00000-0  05745-4 0  1434
2 11416  98.7114 224.3601 0011079 263.1797  96.8115 14.22826290 54089
1 11416U 79057A   80194.32158759 0.00000554  00000+0  05486-4 0  1447
2 11416  98.7114 224.6383 0011062 262.3390  97.6529 14.22826481 54126
1 11416U 79057A   80194.32158759  .00000554  00000-0  05486-4 0  1446
2 11416  98.7114 224.6383 0011062 262.3390  97.6529 14.22826481 54126
1 11416U 79057A   80198.04867655 0.00000486  00000+0  02472-4 0  1459
2 11416  98.7113 228.3238 0011011 250.7102 109.2885 14.22828960 54658
1 11416U 79057A   80198.04867655  .00000486  00000-0  02472-4 0  1458
2 11416  98.7113 228.3238 0011011 250.7102 109.2885 14.22828960 54658
1 11416U 79057A   80198.75189953 0.00000483  00000+0  02285-4 0  1465
2 11416  98.7114 229.0193 0011014 248.6460 111.3541 14.22829533 54754
1 11416U 79057A   80198.75189953  .00000483  00000-0  02285-4 0  1464
2 11416  98.7114 229.0193 0011014 248.6460 111.3541 14.22829533 54754
1 11416U 79057A   80205.71377990 0.00000740  00000+0  03752-4 0  1477
2 11416  98.7097 235.9078 0011322 223.7008 136.3262 14.22840309 55747
1 11416U 79057A   80205.71377990  .00000740  00000-0  03752-4 0  1476
2 11416  98.7097 235.9078 0011322 223.7008 136.3262 14.22840309 55747
1 11416U 79057A   80206.55763853 0.00001048  00000+0  07429-4 0  1485
2 11416  98.7093 236.7422 0011464 221.1730 138.8585 14.22843647 55862
1 11416U 79057A   80206.55763853  .00001048  00000-0  07429-4 0  1484
2 11416  98.7093 236.7422 0011464 221.1730 138.8585 14.22843647 55862
1 11416U 79057A   80211.19885564 0.00000820  00000+0  07305-4 0  1496
2 11416  98.7076 241.3303 0011518 206.9277 153.1305 14.22850227 56526
1 11416U 79057A   80211.19885564  .00000820  00000-0  07305-4 0  1495
2 11416  98.7076 241.3303 0011518 206.9277 153.1305 14.22850227 56526
1 11416U 79057A   80212.81624318 0.00000828  00000+0  07666-4 0  1504
2 11416  98.7076 242.9295 0011564 202.0458 158.0223 14.22853088 56758
1 11416U 79057A   80212.81624318  .00000828  00000-0  07666-4 0  1503
2 11416  98.7076 242.9295 0011564 202.0458 158.0223 14.22853088 56758
1 11416U 79057A   80213.66009794 0.00000761  00000+0  04657-4 0  1517
2 11416  98.7074 243.7637 0011608 199.4826 160.5904 14.22853661 56876
1 11416U 79057A   80213.66009794  .00000761  00000-0  04657-4 0  1516
2 11416  98.7074 243.7637 0011608 199.4826 160.5904 14.22853661 56876
1 11416U 79057A   80217.66840122 0.00000333  00000+0  05636-4 0  1523
2 11416  98.7057 247.7289 0011878 187.4676 172.6324 14.22855568 57445
1 11416U 79057A   80217.66840122  .00000333  00000-0  05636-4 0  1522
2 11416  98.7057 247.7289 0011878 187.4676 172.6324 14.22855568 57445
1 11416U 79057A   80219.56706958 0.00000257  00000+0  02212-4 0  1535
2 11416  98.7072 249.6068 0012023 181.8586 178.2551 14.22856045 57714
1 11416U 79057A   80219.56706958  .00000257  00000-0  02212-4 0  1534
2 11416  98.7072 249.6068 0012023 181.8586 178.2551 14.22856045 57714
1 11416U 79057A   80223.64568174 0.00000337  00000+0  05791-4 0  1540
2 11416  98.7075 253.6394 0012310 169.9627 190.1797 14.22859383 58293
1 11416U 79057A   80223.64568174  .00000337  00000-0  05791-4 0  1549
2 11416  98.7075 253.6394 0012310 169.9627 190.1797 14.22859383 58293
1 11416U 79057A   80226.66947350 0.00000392  00000+0  08226-4 0  1550
2 11416  98.7077 256.6289 0012378 161.2751 198.8884 14.22862339 58723
1 11416U 79057A   80226.66947350  .00000392  00000-0  08226-4 0  1559
2 11416  98.7077 256.6289 0012378 161.2751 198.8884 14.22862339 58723
1 11416U 79057A   80232.71703420 0.00000493  00000+0  02739-4 0  1567
2 11416  98.7080 262.6080 0012534 143.9879 216.2146 14.22869492 59583
1 11416U 79057A   80232.71703420  .00000493  00000-0  02739-4 0  1566
2 11416  98.7080 262.6080 0012534 143.9879 216.2146 14.22869492 59583
1 11416U 79057A   80235.67047918 0.00000566  00000+0  05993-4 0  1575
2 11416  98.7086 265.5290 0012686 135.7340 224.4856 14.22874069 60008
1 11416U 79057A   80235.67047918  .00000566  00000-0  05993-4 0  1574
2 11416  98.7086 265.5290 0012686 135.7340 224.4856 14.22874069 60008
1 11416U 79057A   80239.53807264 0.00000620  00000+0  08337-4 0  1589
2 11416  98.7086 269.3526 0012728 124.8858 235.3521 14.22879887 60555
1 11416U 79057A   80239.53807264  .00000620  00000-0  08337-4 0  1588
2 11416  98.7086 269.3526 0012728 124.8858 235.3521 14.22879887 60555
1 11416U 79057A   80245.02300322  .00000584  00000-0  27692-3 0  1596
2 11416  98.7085 274.7750 0012836 109.3952 250.8614 14.22886474 61338
1 11416U 79057A   80247.76546095  .00000576  00000-0  26393-3 0  1608
2 11416  98.7087 277.4865 0012896 101.7369 258.5229 14.22889066 61721
1 11416U 79057A   80251.56270465  .00000526  00000-0  24171-3 0  1614
2 11416  98.7089 281.2411 0013029  91.2838 268.9831 14.22892051 62268
1 11416U 79057A   80254.65674488  .00000512  00000-0  23544-3 0  1629
2 11416  98.7089 284.2998 0013117  82.7468 277.5200 14.22894968 62707
1 11416U 79057A   80259.29778256  .00000619  00000-0  28311-3 0  1638
2 11416  98.7042 288.8871 0013099  74.1708 286.0929 14.22902110 63362
1 11416U 79057A   80262.32147648  .00000672  00000-0  30660-3 0  1641
2 11416  98.7046 291.8756 0013065  65.8313 294.4228 14.22906641 63799
1 11416U 79057A   80281.37761220  .00000671  00000-0  30688-3 0  1666
2 11416  98.7028 310.7088 0012606  12.5025 347.6464 14.22929368 66503
1 11416U 79057A   80283.69807224  .00000751  00000-0  34201-3 0  1673
2 11416  98.7033 313.0026 0012406   6.7242 353.4100 14.22934096 66833
1 11416U 79057A   80287.35453916  .00000843  00000-0  38321-3 0  1685
2 11416  98.7030 316.6152 0012268 356.2737   3.8349 14.22941847 67358
1 11416U 79057A   80292.06571944  .00000996  00000-0  45103-3 0  1709
2 11416  98.7032 321.2709 0012227 342.4549  17.6215 14.22954006 68024
1 11416U 79057A   80294.03455697  .00001068  00000-0  48267-3 0  1710
2 11416  98.7031 323.2157 0012057 336.8676  23.1977 14.22959838 68307
1 11416U 79057A   80296.56591088  .00001123  00000-0  50745-3 0  1722
2 11416  98.7032 325.7175 0011975 329.4004  30.6484 14.22966854 68667
1 11416U 79057A   80299.65977187  .00001182  00000-0  53346-3 0  1739
2 11416  98.7026 328.7736 0011890 320.5457  39.4857 14.22975759 69101
1 11416U 79057A   80303.87865085  .00001189  00000-0  53607-3 0  1740
2 11416  98.7022 332.9414 0011791 307.9139  52.0970 14.22986226 69707
1 11416U 79057A   80307.74594030  .00001135  00000-0  51186-3 0  1751
2 11416  98.7021 336.7619 0011544 296.4929  63.5058 14.22993567 70252
1 11416U 79057A   80310.62881313  .00001119  00000-0  50516-3 0  1764
2 11416  98.7021 339.6105 0011275 286.8027  73.1914 14.22999698 70661
1 11416U 79057A   80317.80077555  .00001154  00000-0  52070-3 0  1773
2 11416  98.7011 346.6931 0010892 264.0348  95.9593 14.23017497 71680
1 11416U 79057A   80318.57421641  .00001169  00000-0  52753-3 0  1771
2 11416  98.7012 347.4577 0010911 261.8077  98.1866 14.23019702 71793
1 11416U 79057A   80322.37109565  .00001186  00000-0  53481-3 0  1781
2 11416  98.7003 351.2084 0010837 248.9964 111.0055 14.23029442 72335
1 11416U 79057A   80327.71482173  .00001085  00000-0  48977-3 0  1796
2 11416  98.6994 356.4841 0011033 232.5999 127.4203 14.23039945 73096
1 11416U 79057A   80330.66791961  .00000998  00000-0  45162-3 0  1809
2 11416  98.6989 359.3995 0011125 222.7576 137.2731 14.23044519 73511
1 11416U 79057A   80337.76937083  .00000961  00000-0  43449-3 0  1811
2 11416  98.6979   6.4112 0011302 200.7209 159.3514 14.23057753 74527
1 11416U 79057A   80341.98801404  .00001064  00000-0  48041-3 0  1826
2 11416  98.6980  10.5788 0011342 188.2914 171.8082 14.23068631 75124
1 11416U 79057A   80352.67512367  .00001060  00000-0  47817-3 0  1838
2 11416  98.6959  21.1273 0011879 156.9076 203.2639 14.23091944 76642
1 11416U 79057A   80355.62810385  .00001157  00000-0  52108-3 0  1844
2 11416  98.6955  24.0432 0012132 148.1063 212.0858 14.23100672 77066
1 11416U 79057A   80358.37013967  .00001223  00000-0  55000-3 0  1859
2 11416  98.6952  26.7504 0012179 140.8911 219.3151 14.23108862 77452
1 11416U 79057A   80359.70599847  .00001271  00000-0  57154-3 0  1869
2 11416  98.6950  28.0694 0012359 136.4708 223.7452 14.23113164 77645
1 11416U 79057A   80366.66648174  .00001141  00000-0  51344-3 0  1872
2 11416  98.6936  34.9377 0012618 117.4105 242.8349 14.23128335 78634
1 11416U 79057A   81028.50790673  .00000600  00000-0  27387-3 0  1939
2 11416  98.6866  62.4124 0012821  44.2490 315.9787 14.23161701 82594
1 11416U 79057A   81035.32753789  .00000924  00000-0  41657-3 0  1940
2 11416  98.6866  69.1421 0012446  24.7428 335.4349 14.23173483 83564
1 11416U 79057A   81038.63187501  .00000829  00000-0  37494-3 0  1959
2 11416  98.6848  72.4020 0012322  15.7024 344.4510 14.23178656 84031
1 11416U 79057A   81039.82705817  .00000883  00000-0  39818-3 0  1960
2 11416  98.6848  73.5815 0012272  12.3811 347.7719 14.23181244 84209
1 11416U 79057A   81046.29507494  .00000629  00000-0  28591-3 0  1975
2 11416  98.6847  79.9636 0011872 353.2661   6.8361 14.23190185 85126
1 11416U 79057A   81048.61511596  .00000723  00000-0  32767-3 0  1987
2 11416  98.6846  82.2529 0011644 346.5481  13.5453 14.23194004 85452
1 11416U 79057A   81060.98856614  .00001103  00000-0  49541-3 0  1996
2 11416  98.6827  94.4610 0011386 309.1843  50.8405 14.23216609 87210
1 11416U 79057A   81063.02734903  .00001334  00000-0  59698-3 0  2003
2 11416  98.6828  96.4726 0011211 302.8808  57.1311 14.23222894 87500
1 11416U 79057A   81066.26126808  .00001688  00000-0  75346-3 0  2012
2 11416  98.6828  99.6629 0011124 292.8858  67.1332 14.23234062 87967
1 11416U 79057A   81068.15941901  .00001773  00000-0  79107-3 0  2026
2 11416  98.6817 101.5352 0011062 286.5395  73.4526 14.23241224 88232
1 11416U 79057A   81071.32299851  .00001252  00000-0  56067-3 0  2032
2 11416  98.6821 104.6562 0010951 276.5798  83.4057 14.23247871 88689
1 11416U 79057A   81073.15084028  .00001053  00000-0  47290-3 0  2041
2 11416  98.6810 106.4596 0011003 270.5794  89.4157 14.23251095 88942
1 11416U 79057A   81075.75198363  .00001538  00000-0  68650-3 0  2059
2 11416  98.6814 109.0259 0010951 262.4408  97.5617 14.23260877 89315
1 11416U 79057A   81077.08769832  .00001435  00000-0  64147-3 0  2066
2 11416  98.6808 110.3433 0010988 258.2094 101.7812 14.23264280 89509
1 11416U 79057A   81081.30573389  .00001142  00000-0  51183-3 0  2078
2 11416  98.6792 114.5036 0011146 245.2803 114.7204 14.23273702 90103
1 11416U 79057A   81085.31284377  .00001051  00000-0  47188-3 0  2089
2 11416  98.6791 118.4557 0011268 232.4536 127.5595 14.23281868 90678
1 11416U 79057A   81087.56243760  .00001455  00000-0  65003-3 0  2106
2 11416  98.6802 120.6755 0011297 225.9748 134.0671 14.23290329 90995
1 11416U 79057A   81090.16350942  .00001562  00000-0  69721-3 0  2118
2 11416  98.6797 123.2410 0011429 217.9935 142.0440 14.23299184 91364
1 11416U 79057A   81094.17053477  .00001431  00000-0  63924-3 0  2132
2 11416  98.6768 127.1936 0011715 205.2810 154.7956 14.23316356 91934
1 11416U 79057A   81096.13887516  .00002020  00000-0  89852-3 0  2143
2 11416  98.6778 129.1341 0011637 199.8740 160.1930 14.23325982 92210
1 11416U 79057A   81100.56776872  .00001994  00000-0  88697-3 0  2121
2 11416  98.6801 133.5015 0011460 187.4568 173.3904 14.23342044 92843
1 11416U 79057A   81101.34087640  .00002359  00000-0  10477-2 0  2166
2 11416  98.6769 134.2644 0012028 184.3925 175.7265 14.23349414 92952
1 11416U 79057A   81103.73094631  .00003065  00000-0  13584-2 0  2177
2 11416  98.6766 136.6217 0012124 177.2207 182.9126 14.23366348 93291
1 11416U 79057A   81108.15954182  .00002161  00000-0  95952-3 0  2181
2 11416  98.6757 140.9896 0012442 164.5643 195.5772 14.23387918 93921
1 11416U 79057A   81109.98720384  .00002163  00000-0  96007-3 0  2193
2 11416  98.6759 142.7914 0012456 159.3155 200.8549 14.23396034 94189
1 11416U 79057A   81112.09602948  .00002086  00000-0  92626-3 0  2203
2 11416  98.6749 144.8709 0012587 153.3303 206.8549 14.23404459 94487
1 11416U 79057A   81115.11865708  .00001864  00000-0  82873-3 0  2211
2 11416  98.6740 147.8512 0012718 145.1311 215.0623 14.23415135 94913
1 11416U 79057A   81124.04585051  .00001279  00000-0  57097-3 0  2246
2 11416  98.6744 156.6543 0012994 121.3605 238.8830 14.23438400 96181
1 11416U 79057A   81127.98220116  .00001316  00000-0  58710-3 0  2256
2 11416  98.6731 160.5350 0013233 110.5563 249.7078 14.23449436 96745
1 11416U 79057A   81131.77793291  .00001495  00000-0  66586-3 0  2266
2 11416  98.6729 164.2783 0013366 101.0922 259.1810 14.23462015 97281
1 11416U 79057A   81134.30839841  .00001699  00000-0  75516-3 0  2270
2 11416  98.6722 166.7737 0013323  94.4180 265.8486 14.23471758 97641
1 11416U 79057A   81134.30840301  .00001005  00000-0  44949-3 0  2292
2 11416  98.6732 166.7697 0013144  92.0854 268.0172 14.23460121 97649
1 11416U 79057A   81134.30841396  .00001179  00000-0  52641-3 0  2286
2 11416  98.6732 166.7690 0013218  91.9639 268.2483 14.23463359 97646
1 11416U 79057A   81135.01130414  .00001316  00000-0  58681-3 0  2303
2 11416  98.6731 167.4625 0013212  89.9565 270.2121 14.23467926 97747
1 11416U 79057A   81135.01133441  .00001360  00000-0  60650-3 0  2315
2 11416  98.6726 167.4627 0013194  90.2870 270.0548 14.23468894 97742
1 11416U 79057A   81137.54177893  .00001345  00000-0  59946-3 0  2324
2 11416  98.6718 169.9607 0013256  84.9946 275.3737 14.23479004 98105
1 11416U 79057A   81142.60263160  .00000952  00000-0  42649-3 0  2336
2 11416  98.6716 174.9501 0013153  71.9638 288.2856 14.23488928 98821
1 11416U 79057A   81144.28958610  .00000639  00000-0  28887-3 0  2344
2 11416  98.6716 176.6132 0013138  67.6466 292.6072 14.23489919 99061
1 11416U 79057A   81147.45257896  .00001113  00000-0  49684-3 0  2351
2 11416  98.6712 179.7277 0013293  56.4796 303.6749 14.23501132 99511